[(1.4000000000000001, 5, 0.005414581298828125),
 (1.5000000000000002, 16, 0.004824519157409668),
 (1.6000000000000003, 42, 0.004559868857974098),
 (1.7000000000000004, 132, 0.004770233775630142),
 (1.8000000000000005, 193, 0.004603172213302375),
 (1.9000000000000006, 326, 0.004845052409025789),
 (2.0000000000000004, 916, 0.00475345532446449),
 (2.1000000000000005, 628, 0.004804919100111457),
 (2.2000000000000006, 673, 0.004981798721812278),
 (2.3000000000000007, 680, 0.00503664262154523),
 (2.400000000000001, 631, 0.005185414796396972),
 (2.500000000000001, 544, 0.00529394211137996),
 (2.600000000000001, 237, 0.005817233258661842),
 (2.700000000000001, 123, 0.0058373668329502505),
 (2.800000000000001, 33, 0.0055885892925840435),
 (2.9000000000000012, 10, 0.006213545799255371)]