[(1.4000000000000001, 5, 0.008323860168457032),
 (1.5000000000000002, 16, 0.008965641260147095),
 (1.6000000000000003, 42, 0.008219083150227865),
 (1.7000000000000004, 132, 0.008336430246179754),
 (1.8000000000000005, 193, 0.00833958541791056),
 (1.9000000000000006, 326, 0.00837365908125427),
 (2.0000000000000004, 916, 0.00837458923914547),
 (2.1000000000000005, 628, 0.008384857967401006),
 (2.2000000000000006, 673, 0.00834665255950429),
 (2.3000000000000007, 680, 0.008345768381567562),
 (2.400000000000001, 631, 0.008386304374731098),
 (2.500000000000001, 544, 0.008373284164597006),
 (2.600000000000001, 237, 0.008352587494669082),
 (2.700000000000001, 123, 0.008367873788849125),
 (2.800000000000001, 33, 0.008369872064301462),
 (2.9000000000000012, 10, 0.008321523666381836)]