0.040107011795043945
0.0240631103515625
0.03613686561584473
0.051093339920043945
0.07424187660217285
0.023057937622070312
0.04712629318237305
0.08225893974304199
0.0260312557220459
0.022098064422607422
0.03709721565246582
0.04410815238952637
0.020093202590942383
0.027072429656982422
0.10523772239685059
0.014037370681762695
0.029076814651489258
0.03609585762023926
0.020053386688232422
0.06717824935913086
0.014037370681762695
0.16042733192443848
0.8593082427978516
0.027071475982666016
0.10732531547546387
0.022057056427001953
0.050635337829589844
0.031586408615112305
0.10340404510498047
0.045119524002075195
0.06617546081542969
0.024063587188720703
0.08923673629760742
0.020052671432495117
0.044118404388427734
0.024019956588745117
0.026068687438964844
0.03914809226989746
0.014076709747314453
0.036095380783081055
0.04908943176269531
0.08823466300964355
0.10732650756835938
0.019073486328125
0.029077768325805664
0.09224581718444824
0.051094770431518555
0.022058725357055664
0.015081405639648438
0.051136016845703125
0.04415726661682129
0.014070987701416016
0.01503896713256836
0.025065898895263672
0.02703094482421875
0.013034582138061523
0.042112112045288086
0.05915641784667969
0.07022833824157715
0.0261080265045166
0.020053625106811523
0.07720565795898438
0.03312873840332031
0.08422517776489258
0.07720446586608887
0.14642834663391113
0.02009415626525879
0.2029106616973877
0.04411721229553223
0.038602590560913086
0.03860282897949219
0.02256011962890625
0.019551992416381836
0.024565458297729492
0.03058171272277832
0.01905059814453125
0.024564504623413086
0.05368399620056152
0.03860878944396973
0.04156827926635742
0.020055532455444336
0.02958393096923828
0.08526730537414551
0.04516005516052246
0.06316852569580078
0.02510666847229004
0.027111291885375977
0.08121657371520996
0.06916975975036621
0.05518674850463867
0.02811455726623535
0.017044782638549805
0.02008819580078125
0.07018613815307617
0.014037609100341797
0.08021092414855957
0.17850637435913086
0.019054889678955078
0.04609060287475586
0.061162710189819336
0.02005314826965332
0.14040446281433105
0.10427737236022949
0.019063234329223633
0.0611269474029541
0.17446422576904297
0.07219219207763672
0.11029243469238281
0.016042709350585938
0.1524052619934082
0.21613502502441406
0.08572793006896973
0.026068925857543945
0.1488957405090332
0.05263853073120117
0.21161484718322754
0.022097110748291016
0.14438462257385254
0.026068925857543945
0.2176201343536377
0.07423758506774902
0.06914091110229492
0.02005314826965332
0.08823466300964355
0.07219219207763672
0.028074026107788086
0.06016039848327637
0.7620270252227783
0.11534833908081055
0.04615330696105957
0.0411374568939209
0.041411638259887695
0.04963183403015137
0.22660303115844727
0.019053936004638672
0.07572340965270996
0.12378787994384766
0.0808415412902832
0.08380293846130371
0.08422446250915527
0.017081737518310547
0.013034343719482422
0.02406454086303711
0.17743182182312012
0.15846633911132812
0.1895432472229004
0.14939665794372559
0.06517624855041504
0.01608133316040039
0.02406454086303711
1.2369697093963623
0.019591331481933594
0.028606414794921875
0.021554946899414062
0.07720565795898438
0.01959538459777832
0.05189204216003418
0.018589496612548828
0.023098468780517578
0.06517219543457031
0.0682222843170166
0.012070894241333008
0.02807474136352539
0.03910350799560547
0.018047332763671875
0.07523941993713379
0.0310819149017334
0.02803349494934082
0.01604294776916504
0.05217909812927246
0.03208613395690918
0.05715179443359375
0.019090890884399414
0.13636326789855957
0.019089698791503906
0.10828757286071777
0.032085418701171875
0.02907729148864746
0.040148258209228516
0.05013322830200195
0.1444244384765625
0.10929203033447266
0.21051764488220215
0.29181838035583496
0.01708221435546875
0.34319067001342773
0.04361605644226074
0.08673095703125
0.06570863723754883
0.014568567276000977
0.06367921829223633
0.012032270431518555
0.1860511302947998
0.05619311332702637
0.03705239295959473
0.20558834075927734
0.02205967903137207
0.05214357376098633
0.02706766128540039
0.025107145309448242
0.01704573631286621
0.047125816345214844
0.12030959129333496
0.028074979782104492
0.0712282657623291
0.05117440223693848
0.08221292495727539
0.06316518783569336
0.032126426696777344
0.02510690689086914
0.032094478607177734
0.039063453674316406
0.02807474136352539
0.04812788963317871
0.014037132263183594
0.016042709350585938
0.07118916511535645
0.050133466720581055
0.03408932685852051
0.33990478515625
0.026068925857543945
0.1764698028564453
0.15842127799987793
0.07520580291748047
0.3163418769836426
0.07419705390930176
0.021054744720458984
0.13553714752197266
0.4502079486846924
0.08823490142822266
0.021056652069091797
0.019050121307373047
0.039104461669921875
0.017045974731445312
0.03413128852844238
0.05013465881347656
0.02105426788330078
0.04311656951904297
0.02209639549255371
0.15741872787475586
0.03609776496887207
0.19852781295776367
0.014037132263183594
0.015040397644042969
0.05414390563964844
0.020053625106811523
0.05719256401062012
0.056150197982788086
0.030080080032348633
0.029077768325805664
0.03609585762023926
0.022097349166870117
0.022096633911132812
0.04014730453491211
0.03408098220825195
0.01601243019104004
0.04164886474609375
0.019089460372924805
0.0446474552154541
0.022600650787353516
0.03308749198913574
0.2697184085845947
0.04615044593811035
0.04265093803405762
0.01758718490600586
0.02164149284362793
0.039690494537353516
0.3780040740966797
0.03108501434326172
0.07214832305908203
0.019050121307373047
0.0310823917388916
0.18152379989624023
0.012033700942993164
0.046118736267089844
0.05915713310241699
0.035093069076538086
0.03308749198913574
0.052138328552246094
0.08923792839050293
0.0691838264465332
0.045119524002075195
0.1484363079071045
0.038100481033325195
0.06016111373901367
0.09429121017456055
0.07118916511535645
0.06417202949523926
0.054140567779541016
0.07223200798034668
0.1002664566040039
0.08964943885803223
0.028608083724975586
0.027573108673095703
0.02259349822998047
0.06968307495117188
0.03358936309814453
0.06717848777770996
0.01854872703552246
0.3935513496398926
0.13335442543029785
0.016042232513427734
0.018048524856567383
0.1213533878326416
0.0621335506439209
0.07921147346496582
0.05815458297729492
0.18248510360717773
0.02205801010131836
0.08322262763977051
0.02606964111328125
0.04812812805175781
0.046122074127197266
0.07419633865356445
0.059157371520996094
0.10026717185974121
0.021056175231933594
0.20558714866638184
0.014075994491577148
0.07219123840332031
0.03609776496887207
0.05715131759643555
0.06815814971923828
0.016042470932006836
0.020052671432495117
0.05815482139587402
0.01905083656311035
0.02005290985107422
0.16222453117370605
0.021586179733276367
0.06320858001708984
0.024573087692260742
0.03663945198059082
0.13084816932678223
0.021588563919067383
0.21973276138305664
0.05213785171508789
0.02907848358154297
0.15943431854248047
0.044150590896606445
0.016042232513427734
0.012035369873046875
0.10623836517333984
0.015039443969726562
0.023061275482177734
0.02807450294494629
0.021097898483276367
0.10227203369140625
0.17047786712646484
0.03509402275085449
0.05610537528991699
0.053141117095947266
0.04110908508300781
0.13636255264282227
0.017086267471313477
0.021056413650512695
0.08623123168945312
0.02510523796081543
0.26570820808410645
0.045160531997680664
0.11429381370544434
0.04215121269226074
0.021056175231933594
0.023061513900756836
0.022048234939575195
0.050103187561035156
0.0469059944152832
0.031121015548706055
0.04716300964355469
0.01303410530090332
0.05715179443359375
0.026068449020385742
0.01754617691040039
0.03208565711975098
0.02657008171081543
0.0586552619934082
0.02657008171081543
0.015081167221069336
0.015569686889648438
0.03663754463195801
0.029076576232910156
0.019551992416381836
0.02764272689819336
0.027081966400146484
0.04611682891845703
0.03714156150817871
0.019050121307373047
0.2837543487548828
0.0240631103515625
0.050133705139160156
0.09028244018554688
0.009063005447387695
0.029078245162963867
0.0390625
0.02005314826965332
0.04215407371520996
0.019049644470214844
0.043152570724487305
0.04211258888244629
0.04010653495788574
0.032126426696777344
0.03409004211425781
0.04712533950805664
0.019010543823242188
0.01909160614013672
0.053130388259887695
0.03509235382080078
0.029087305068969727
0.020054340362548828
0.11831378936767578
0.09721589088439941
0.0310823917388916
0.027112722396850586
0.02907729148864746
0.07916927337646484
0.04411673545837402
0.03208565711975098
0.023061037063598633
0.01704549789428711
0.017045259475708008
0.04014754295349121
0.13235259056091309
0.037058115005493164
0.18013644218444824
0.030118465423583984
0.015039920806884766
0.012033939361572266
0.0732262134552002
0.034630537033081055
0.0706472396850586
0.024596452713012695
0.022100448608398438
0.028069257736206055
0.09278750419616699
0.12988972663879395
0.013034582138061523
0.015039682388305664
0.02907729148864746
0.03208518028259277
0.03709816932678223
0.02707195281982422
0.014037609100341797
0.023061752319335938
0.033087968826293945
0.01708674430847168
0.11225748062133789
0.07825040817260742
0.04110980033874512
0.04010629653930664
0.04512143135070801
0.0912010669708252
0.05715203285217285
0.02105545997619629
0.05218148231506348
0.01507878303527832
0.03308701515197754
0.04311633110046387
0.0521392822265625
0.04913139343261719
0.0691823959350586
0.017046689987182617
0.012032032012939453
0.020094871520996094
0.04215216636657715
0.1283414363861084
0.023061752319335938
0.014037132263183594
0.11426210403442383
0.0381014347076416
0.0310821533203125
0.01804804801940918
0.01203155517578125
0.1353895664215088
0.02608180046081543
0.015038490295410156
0.013033151626586914
0.08220839500427246
0.053850412368774414
0.0326085090637207
0.018587589263916016
0.026068449020385742
0.04460573196411133
0.015068292617797852
0.02909064292907715
0.015503168106079102
0.10828566551208496
0.1273791790008545
0.029116392135620117
0.0401458740234375
0.14589166641235352
0.05213594436645508
0.013032674789428711
0.04515814781188965
0.19251322746276855
0.09922647476196289
0.11334228515625
0.09124016761779785
0.06517338752746582
0.05715227127075195
0.035093069076538086
0.013034582138061523
0.02606940269470215
0.06420278549194336
0.022070884704589844
0.011990547180175781
0.016043424606323242
0.03208303451538086
0.05213809013366699
0.02005290985107422
0.021055936813354492
0.05013298988342285
0.013034820556640625
0.013034343719482422
0.059201955795288086
0.07519698143005371
0.054183006286621094
0.02707195281982422
0.0701451301574707
0.041109561920166016
0.021056175231933594
0.022058486938476562
0.023061037063598633
0.012073040008544922
0.026105880737304688
0.01307058334350586
0.02606940269470215
0.03911018371582031
0.023062944412231445
0.01303720474243164
0.016043424606323242
0.08621907234191895
0.05955219268798828
0.10127115249633789
0.07018542289733887
0.09128069877624512
0.07319355010986328
0.10931038856506348
0.036093950271606445
0.029578208923339844
0.03166699409484863
0.15840363502502441
0.02707195281982422
0.021055936813354492
0.33388853073120117
0.029077529907226562
0.01203155517578125
0.05113649368286133
0.022058725357055664
0.02607131004333496
0.2015380859375
0.02009129524230957
0.010065555572509766
0.02807140350341797
0.04215216636657715
0.03914308547973633
0.022057533264160156
0.028075695037841797
0.0631265640258789
0.013077735900878906
0.0240633487701416
0.06822037696838379
0.040106773376464844
0.022062301635742188
0.015036344528198242
0.013034343719482422
0.03308844566345215
0.016000986099243164
0.03613686561584473
0.01704549789428711
0.021056175231933594
0.024100303649902344
0.21152496337890625
0.03813982009887695
0.014078140258789062
0.035086870193481445
0.031114816665649414
0.12329435348510742
0.158552885055542
0.1970655918121338
0.18001794815063477
0.12139463424682617
0.04412412643432617
0.04916715621948242
0.061196327209472656
0.036057472229003906
0.03709840774536133
0.12332844734191895
0.02005314826965332
0.06417059898376465
0.27874040603637695
0.07824039459228516
0.08722949028015137
0.05715298652648926
0.13736510276794434
0.10126876831054688
0.024096012115478516
0.18950414657592773
0.05110621452331543
0.06817865371704102
0.11029314994812012
0.047156333923339844
0.08218717575073242
0.07520055770874023
0.04235696792602539
0.017045021057128906
0.03910398483276367
0.038101911544799805
0.021055221557617188
0.026069164276123047
0.029616355895996094
0.016038179397583008
0.07022690773010254
0.11831188201904297
0.04014468193054199
0.015048980712890625
0.1699531078338623
0.06421160697937012
0.024022817611694336
0.025066375732421875
0.02306056022644043
0.029119253158569336
0.23562884330749512
0.03312873840332031
0.05715060234069824
0.04115176200866699
0.06316709518432617
0.05819272994995117
0.27878355979919434
0.050131797790527344
0.05314040184020996
0.014038324356079102
0.05815577507019043
0.1414034366607666
0.027073144912719727
0.14338088035583496
0.04210996627807617
0.05819511413574219
0.030080556869506836
0.025066137313842773
0.011029243469238281
0.11727166175842285
0.05414390563964844
0.10343146324157715
0.03814268112182617
0.023560762405395508
0.012531042098999023
0.051136016845703125
0.13389182090759277
0.1815171241760254
0.10084867477416992
0.06412935256958008
0.14338064193725586
0.018048524856567383
0.09729957580566406
0.31078624725341797
0.035134077072143555
1.309715986251831
0.012572526931762695
0.13235092163085938
0.01600170135498047
0.015040397644042969
0.08823466300964355
0.07319474220275879
0.09425067901611328
0.029578447341918945
0.1494605541229248
0.032126665115356445
0.038100242614746094
0.029077768325805664
0.017044544219970703
0.10323357582092285
0.06922721862792969
0.04010462760925293
0.12232494354248047
0.5996365547180176
0.04114890098571777
0.03609609603881836
0.012031316757202148
0.024063825607299805
0.14137530326843262
0.025026321411132812
0.015082836151123047
0.28371715545654297
0.01604294776916504
0.01704573631286621
0.051177024841308594
0.012070894241333008
0.11003971099853516
0.02255988121032715
0.01754617691040039
0.1348581314086914
0.06872344017028809
0.24920129776000977
0.046205759048461914
0.03910350799560547
0.060118913650512695
0.01905083656311035
0.027071714401245117
0.0310823917388916
0.02707195281982422
0.19455909729003906
0.03710198402404785
0.02406024932861328
0.012031793594360352
0.06918454170227051
0.12432980537414551
0.023061275482177734
0.01905035972595215
0.031123638153076172
0.07720518112182617
0.022058963775634766
0.09420990943908691
0.1213226318359375
0.029077768325805664
0.23462367057800293
0.03609609603881836
0.048169851303100586
0.06918454170227051
0.0501711368560791
0.04608273506164551
0.06717824935913086
0.03409123420715332
0.031082868576049805
0.018047809600830078
0.07921028137207031
0.2806086540222168
0.015581846237182617
0.07820534706115723
0.016042470932006836
0.07319498062133789
0.03513312339782715
0.07423615455627441
0.060201168060302734
0.09383440017700195
0.03208518028259277
0.033087968826293945
0.09324789047241211
0.03212594985961914
0.03308725357055664
0.06517386436462402
0.0310819149017334
0.058155059814453125
0.024109363555908203
0.01804327964782715
0.04311490058898926
0.04114055633544922
0.09529256820678711
0.15344858169555664
0.01808619499206543
0.14638996124267578
0.09629678726196289
0.02506709098815918
0.06617546081542969
0.035093069076538086
0.015041351318359375
0.03509259223937988
0.10227394104003906
0.033129215240478516
0.04010605812072754
0.03513193130493164
0.013033866882324219
0.062203407287597656
0.05009269714355469
0.016083478927612305
0.04612398147583008
0.048126935958862305
0.03212571144104004
0.1453866958618164
0.03308558464050293
0.03208661079406738
0.08273673057556152
0.015579700469970703
0.02761530876159668
0.01403355598449707
0.19455766677856445
0.024604082107543945
0.016081571578979492
0.04015040397644043
0.043646812438964844
0.06972432136535645
0.016042232513427734
0.016623735427856445
0.22960710525512695
0.034119367599487305
0.07419753074645996
0.049169063568115234
0.01404428482055664
0.05514240264892578
0.025063514709472656
0.0451207160949707
0.07319211959838867
0.06721735000610352
0.02209758758544922
0.013996124267578125
0.03910398483276367
0.020052433013916016
0.039104461669921875
0.02907729148864746
0.0521388053894043
0.029076814651489258
0.015039920806884766
0.01203155517578125
0.02907705307006836
0.07219147682189941
0.030079364776611328
0.02009725570678711
0.018086910247802734
0.1533675193786621
0.14040374755859375
0.24869108200073242
0.052106380462646484
0.03609800338745117
0.5741090774536133
0.018046855926513672
0.018549680709838867
0.0310823917388916
0.018548965454101562
0.02105569839477539
0.02907705307006836
0.06968998908996582
0.08422446250915527
0.06015968322753906
0.016042232513427734
0.06019115447998047
0.01705026626586914
0.01801586151123047
0.15741848945617676
0.010027170181274414
0.057184457778930664
0.018079042434692383
0.13837671279907227
0.024064064025878906
0.01604294776916504
0.04110980033874512
0.09424948692321777
0.12838244438171387
0.013074874877929688
0.09725832939147949
0.06521344184875488
0.03111553192138672
0.03208470344543457
0.017045974731445312
0.24561262130737305
0.02205824851989746
0.033087968826293945
0.05218029022216797
0.07022523880004883
0.033120155334472656
0.08718991279602051
0.026068449020385742
0.03914618492126465
0.07018685340881348
0.07308483123779297
0.0336298942565918
0.03212404251098633
0.14037013053894043
0.11681032180786133
0.04866981506347656
0.014077901840209961
0.0992269515991211
0.05715203285217285
0.027071475982666016
0.04010653495788574
0.05518746376037598
0.05414295196533203
0.01303553581237793
0.04211139678955078
0.020051240921020508
0.01507878303527832
0.0731954574584961
0.02309727668762207
0.018047094345092773
0.07219171524047852
0.0982208251953125
0.02205824851989746
0.1484358310699463
0.03212618827819824
0.016042232513427734
0.0772101879119873
0.015079498291015625
0.03409075736999512
0.07924962043762207
0.07820820808410645
0.09926319122314453
0.06016039848327637
0.0240633487701416
0.022058725357055664
0.021056652069091797
0.030079126358032227
0.013075828552246094
0.02807450294494629
0.016042232513427734
0.09926438331604004
0.03713726997375488
0.03404974937438965
0.012073278427124023
0.05515122413635254
0.0160372257232666
0.12633705139160156
0.13929462432861328
0.058614492416381836
0.01654362678527832
0.024063825607299805
0.04110908508300781
0.027071475982666016
0.027071714401245117
0.013535499572753906
0.02306056022644043
0.050634145736694336
0.043657541275024414
0.01307535171508789
0.13583040237426758
0.14743518829345703
0.05314064025878906
0.04612302780151367
0.043114423751831055
0.01604294776916504
0.0381014347076416
0.026069164276123047
0.025066375732421875
0.016042709350585938
0.013034820556640625
0.014036417007446289
0.01403665542602539
0.043114423751831055
0.041109561920166016
0.07820796966552734
0.0381014347076416
0.06617426872253418
0.012031316757202148
0.02707195281982422
0.01804804801940918
0.048159122467041016
0.03911423683166504
0.029076576232910156
0.030039548873901367
0.07519936561584473
0.01102900505065918
0.07925128936767578
0.03409147262573242
0.030079364776611328
0.19251227378845215
0.011067867279052734
0.09229183197021484
0.040106773376464844
0.023022174835205078
0.01107025146484375
0.022057533264160156
0.04307413101196289
0.02606940269470215
0.0231020450592041
0.038060665130615234
0.013034343719482422
0.01604294776916504
0.018047571182250977
0.07921099662780762
0.014078617095947266
0.04411745071411133
0.022058963775634766
0.039063215255737305
0.022092342376708984
0.043471336364746094
0.043615102767944336
0.12286257743835449
0.02961897850036621
0.024062633514404297
0.02606654167175293
0.014005422592163086
0.11835432052612305
0.0160830020904541
0.051177263259887695
0.038106679916381836
0.012571096420288086
0.017629146575927734
0.06016063690185547
0.01303410530090332
0.22760534286499023
0.02711343765258789
0.06317543983459473
0.1674048900604248
0.01604294776916504
0.011027336120605469
0.020053625106811523
0.032085418701171875
0.01905083656311035
0.018088579177856445
0.03609657287597656
0.02410411834716797
0.011029720306396484
0.05715203285217285
0.06118130683898926
0.013072013854980469
0.011028766632080078
0.08121585845947266
0.05819344520568848
0.016085147857666016
0.027071237564086914
0.022057294845581055
0.05815553665161133
0.019089460372924805
0.03112196922302246
0.04311943054199219
0.03705739974975586
0.030079364776611328
0.025110244750976562
0.026069164276123047
0.034131526947021484
0.016043663024902344
0.024062395095825195
0.02711200714111328
0.01203298568725586
0.014037370681762695
0.012032032012939453
0.05514717102050781
0.03613686561584473
0.03208422660827637
0.02406764030456543
0.03609919548034668
0.18648362159729004
0.132537841796875
0.1419212818145752
0.040099143981933594
0.049671173095703125
0.016582727432250977
0.01553201675415039
0.04063677787780762
0.04912066459655762
0.029606342315673828
0.012073040008544922
0.02109527587890625
0.0210568904876709
0.020514965057373047
0.02907729148864746
0.026575326919555664
0.05720043182373047
0.06115603446960449
0.03513288497924805
0.011029243469238281
0.015038728713989258
0.015041112899780273
0.030083656311035156
0.06316566467285156
0.030123472213745117
0.0190887451171875
0.0421144962310791
0.05719423294067383
0.27272629737854004
0.0340878963470459
0.01800680160522461
0.020053625106811523
