1,0.0,23.6,787,57.2,55,33829,5530,8124,12.3,1.6
1,0.0,31.3,793,57.2,55,16778,5413,5550,13.1,1.7
1,0.0,28.8,762,57.2,54,8975,2529,4171,13.1,1.0
1,0.0,38.7,753,57.2,54,4591,1960,3135,13.4,0.9
1,0.0,30.1,791,57.2,55,17154,3053,6105,13.3,1.1
1,0.0,39.1,774,57.2,54,4821,2177,3135,12.9,1.0
1,0.0,36.2,781,57.2,55,4868,2229,3135,12.9,1.0
1,0.0,48.2,800,57.2,56,4605,1974,3135,12.8,1.0
1,0.0,35.7,764,57.2,54,6278,1892,3792,13.3,0.9
1,0.0,24.4,777,57.2,55,20186,4866,6105,14.3,1.4
1,0.0,31.1,799,57.2,55,16377,5086,5550,11.9,1.7
1,0.0,24.8,775,57.2,55,22306,5154,6715,13.3,1.5
1,0.0,34.7,749,57.2,53,4671,2041,3135,13.3,0.9
1,0.0,31.2,776,57.2,55,8215,3865,4171,11.2,1.3
1,0.0,40.0,783,57.2,56,5898,3279,3448,13.0,1.2
1,0.0,41.9,784,57.2,54,4216,1571,3135,11.1,0.8
1,0.0,107.8,765,57.2,54,493,479,1331,11.9,0.7
1,0.0,38.9,753,57.2,54,4562,1937,3135,14.2,0.9
1,0.0,27.0,769,57.2,54,20138,6039,6105,12.9,1.8
1,0.0,30.2,802,57.2,56,26142,5622,7386,12.4,1.6
1,0.0,32.3,776,57.2,55,6760,2368,3792,11.9,0.9
1,0.0,23.5,766,57.2,53,46649,9807,9829,13.8,2.5
1,0.0,24.7,802,57.2,56,67108,9537,11892,13.3,2.4
1,0.0,25.0,786,57.2,55,20427,3260,6105,12.7,1.0
1,0.0,37.7,811,57.2,56,9825,3357,4588,11.6,1.3
1,0.0,39.0,743,57.2,54,3742,2550,2850,14.6,1.0
1,0.0,26.1,796,57.2,56,40577,8225,8936,13.6,2.3
1,0.0,22.5,771,57.2,55,27042,6157,7386,13.1,1.7
1,0.0,23.1,802,57.2,56,94025,11533,13081,13.2,2.8
1,0.0,43.8,772,57.2,55,3754,2559,2850,12.7,1.1
1,0.0,20.4,780,57.2,54,49105,7240,9829,11.5,1.9
1,0.0,32.2,789,57.2,54,11933,3155,5046,12.9,1.2
1,0.0,48.5,795,57.2,55,3354,2142,2850,11.9,1.0
1,0.0,30.4,806,57.2,55,15954,4619,5550,11.5,1.4
1,0.0,53.3,765,57.2,55,2450,1266,2356,13.7,0.8
1,0.0,30.1,770,57.2,55,7861,3470,4171,12.7,1.2
1,0.0,23.3,779,57.2,54,19397,5308,6105,11.7,1.5
1,0.0,22.5,761,57.2,53,26377,5874,7386,12.9,1.6
1,0.0,26.8,760,57.2,54,11271,2503,4588,12.3,1.0
1,0.0,27.0,775,57.2,56,14239,2940,5550,13.7,1.1
1,0.0,24.9,792,57.2,55,28723,4477,7386,12.2,1.2
1,0.0,23.3,811,57.2,56,124000,13417,15827,12.0,2.9
1,0.0,35.8,767,57.2,55,5736,3110,3448,14.0,1.2
1,0.0,22.6,777,57.2,55,25909,5344,7386,13.9,1.5
1,0.0,25.0,772,57.2,55,14558,3273,5550,12.8,1.1
1,0.0,24.9,764,57.2,54,16259,4920,5550,13.4,1.5
1,0.0,35.6,787,57.2,55,13396,4599,5046,13.9,1.5
1,0.0,29.6,793,57.2,55,11530,2747,5046,12.9,1.0
1,0.0,27.4,771,57.2,55,20844,3720,6715,13.2,1.2
1,0.0,24.7,765,57.2,55,19707,5620,6105,14.4,1.6
1,0.0,23.5,789,57.2,56,39327,6976,8936,12.5,1.9
1,0.0,24.1,794,57.2,55,47542,5764,9829,13.9,1.6
1,0.0,51.9,733,57.2,53,2144,2120,2142,12.6,0.9
1,0.0,24.3,782,57.2,55,25791,5282,7386,13.9,1.5
1,0.0,28.4,786,57.2,56,16595,5296,5550,13.9,1.6
1,0.0,25.3,772,57.2,55,22181,6698,6715,12.3,1.9
1,0.0,50.0,780,57.2,55,3098,1895,2591,13.4,1.0
1,0.0,24.9,791,57.2,55,37738,5366,8936,13.7,1.5
1,0.0,22.9,797,57.2,56,51868,5140,9829,13.2,1.4
1,0.0,22.0,813,57.2,56,50073,8277,9829,11.7,2.1
1,0.0,68.5,783,57.2,56,1486,1474,1948,12.8,0.9
1,0.0,25.2,820,57.2,56,75640,6112,11892,12.6,1.5
1,0.0,31.5,803,57.2,56,19794,5693,6105,13.1,1.6
1,0.0,23.6,754,57.2,54,18446,4383,6105,13.2,1.4
1,0.0,27.8,792,57.2,56,24763,4251,6715,12.4,1.3
1,0.0,24.9,818,57.2,56,72501,8944,11892,12.4,2.2
1,0.0,25.6,761,57.2,54,12741,3957,5046,12.1,1.3
1,0.0,26.2,786,57.2,55,23476,6307,6715,13.5,1.9
1,0.0,22.5,799,57.2,55,68192,10623,11892,12.4,2.5
1,0.0,24.6,788,57.2,55,42027,5135,8936,14.5,1.5
1,0.0,28.9,765,57.2,55,10463,4005,4588,13.3,1.3
1,0.0,41.2,735,57.2,54,4620,2003,3135,13.8,0.9
1,0.0,26.9,767,57.2,55,17433,3322,6105,13.4,1.2
1,0.0,26.0,753,57.2,54,14110,2829,5550,12.7,1.0
1,0.0,24.3,794,57.2,56,27718,7017,7386,12.9,1.8
1,0.0,33.2,774,57.2,54,9811,3365,4588,12.5,1.2
1,0.0,36.5,774,57.2,55,4959,2297,3135,13.5,1.0
1,0.0,24.2,776,57.2,55,29950,5488,7386,13.0,1.6
1,0.0,53.6,750,57.2,54,1917,1912,2142,13.2,1.0
1,0.0,22.6,779,57.2,54,52309,5536,9829,13.4,1.5
1,0.0,30.9,744,57.2,53,6859,2490,3792,14.0,1.0
1,0.0,25.3,756,57.2,55,8824,2386,4171,13.0,1.0
1,0.0,21.9,797,57.2,56,96343,7225,14389,12.2,1.7
1,0.0,26.1,806,57.2,56,27911,7413,7386,11.8,2.0
1,0.0,83.5,750,57.2,54,871,867,1610,13.2,0.8
1,0.0,87.5,770,57.2,55,942,942,1610,13.4,0.8
1,0.0,34.2,704,57.2,51,4326,1513,3135,14.2,0.9
1,0.0,27.0,758,57.2,55,16793,5510,5550,15.0,1.6
1,0.0,23.5,760,57.2,55,36412,8127,8124,13.7,2.2
1,0.0,28.1,764,57.2,55,12971,4202,5046,12.8,1.4
1,0.0,27.7,760,57.2,54,19032,4956,6105,14.2,1.5
1,0.0,28.8,789,57.2,55,16063,4750,5550,11.8,1.4
1,0.0,31.2,744,57.2,54,7326,2947,3792,13.6,1.1
1,0.0,26.0,814,57.2,56,74912,11412,11892,13.5,2.9
1,0.0,24.7,782,57.2,55,41324,8815,8936,12.4,2.2
1,0.0,26.7,779,57.2,54,20986,3830,6715,12.9,1.2
1,0.0,25.5,771,57.2,55,58353,6236,10811,14.1,1.7
1,0.0,28.1,767,57.2,54,20751,3553,6715,13.7,1.1
1,0.0,25.6,758,57.2,54,13929,5028,5046,12.6,1.5
1,0.0,26.5,735,57.2,54,9643,3178,4588,14.0,1.1
1,0.0,32.0,766,57.2,55,8023,3651,4171,14.7,1.2
1,0.0,41.2,773,57.2,55,4756,2139,3135,13.4,0.9
1,0.0,27.8,806,57.2,56,31920,5796,8124,11.6,1.6
1,0.0,25.1,794,57.2,56,41141,8755,8936,13.1,2.3
1,0.0,23.0,781,57.2,55,182000,10782,19149,14.3,2.4
1,0.0,22.9,767,57.2,55,23229,6100,6715,14.1,1.7
1,0.0,29.1,824,57.2,56,41261,8886,8936,12.4,2.3
1,0.0,48.4,797,57.2,55,7568,3201,3792,13.8,1.2
1,0.0,41.4,776,57.2,55,5325,2702,3448,12.9,1.1
1,0.0,23.8,770,57.2,55,38268,5884,8936,14.4,1.6
1,0.0,21.7,782,57.2,55,70076,6584,11892,13.6,1.6
1,0.0,36.4,765,57.2,55,7637,3266,3792,13.4,1.2
1,0.0,27.1,739,57.2,54,12495,3713,5046,15.2,1.3
1,0.0,23.2,803,57.2,56,89323,6756,13081,12.3,1.6
1,0.0,28.0,771,57.2,55,11659,2902,5046,11.9,1.1
1,0.0,43.6,806,57.2,56,7360,3004,3792,11.9,1.2
1,0.0,25.8,752,57.2,55,13245,4489,5046,12.9,1.4
1,0.0,23.5,801,57.2,56,73742,10238,11892,12.2,2.4
1,0.0,83.3,765,57.2,54,877,877,1610,12.4,0.8
1,0.0,26.2,788,57.2,55,97588,8386,14389,14.4,2.1
1,0.0,22.9,786,57.2,55,60913,8782,10811,13.5,2.2
1,0.0,27.9,761,57.2,54,17373,3313,6105,13.4,1.1
1,0.0,33.8,766,57.2,54,10721,4228,4588,12.6,1.5
1,0.0,30.6,760,57.2,55,12346,3600,5046,13.8,1.3
1,0.0,33.8,774,57.2,55,10962,4506,4588,12.8,1.5
1,0.0,28.3,773,57.2,54,12527,3767,5046,13.0,1.3
1,0.0,23.9,789,57.2,56,129000,10127,15827,12.5,2.2
1,0.0,34.0,803,57.2,56,16705,5417,5550,13.2,1.8
1,0.0,23.1,776,57.2,56,45702,8867,9829,14.8,2.3
1,0.0,21.6,810,57.2,56,97013,7830,14389,12.3,1.7
1,0.0,24.1,813,57.2,56,57670,5540,10811,11.8,1.4
1,0.0,37.0,757,57.2,54,4862,2234,3135,11.4,0.9
1,0.0,33.3,768,57.2,55,9846,3381,4588,13.5,1.2
1,0.0,45.2,792,57.2,56,5178,2542,3448,12.7,1.1
1,0.0,30.8,773,57.2,55,12197,3430,5046,14.2,1.2
1,0.0,30.0,786,57.2,55,22216,5064,6715,13.3,1.5
1,0.0,24.7,777,57.2,55,44597,7724,8936,13.0,2.1
1,0.0,21.5,764,57.2,54,75722,11708,11892,13.4,2.7
1,0.0,28.0,797,57.2,55,16670,5329,5550,12.8,1.7
1,0.0,23.3,801,57.2,55,76880,7314,11892,11.2,1.8
1,0.0,31.7,781,57.2,54,10795,4294,4588,13.0,1.4
1,0.0,27.3,751,57.2,53,14935,3632,5550,12.5,1.2
1,0.0,55.6,762,57.2,55,1755,1744,2142,12.8,0.9
1,0.0,24.3,796,57.2,56,44571,7735,8936,13.5,2.2
1,0.0,24.9,788,57.2,56,77616,8149,11892,14.1,2.0
1,0.0,25.8,830,57.2,57,130000,11363,15827,13.9,2.6
1,0.0,26.2,765,57.2,55,15827,4541,5550,14.2,1.3
1,0.0,26.4,796,57.2,55,51071,9260,9829,10.6,2.3
1,0.0,53.6,777,57.2,54,2325,2317,2356,12.2,1.1
1,0.0,28.4,757,57.2,53,16637,5375,5550,13.3,1.5
1,0.0,25.5,826,57.2,57,641000,17686,33919,11.5,3.9
1,0.0,33.1,791,57.2,55,12820,4038,5046,13.2,1.3
1,0.0,41.7,748,57.2,55,3265,2068,2591,14.3,1.0
1,0.0,28.2,746,57.2,54,12784,4031,5046,13.9,1.3
1,0.0,27.9,808,57.2,56,51825,5069,9829,12.2,1.4
1,0.0,31.2,777,57.2,55,11570,2767,5046,12.7,1.0
1,0.0,23.0,791,57.2,55,58334,6200,10811,12.5,1.5
1,0.0,27.4,791,57.2,55,33874,5594,8124,11.4,1.5
1,0.0,44.6,749,57.2,54,3195,1992,2591,13.8,1.0
1,0.0,26.0,769,57.2,55,14709,3387,5550,13.3,1.2
1,0.0,28.9,801,57.2,56,21615,4494,6715,11.8,1.3
1,0.0,24.0,746,57.2,53,20328,2882,6105,12.6,1.0
1,0.0,24.1,778,57.2,55,28493,4222,7386,13.6,1.2
1,0.0,25.0,776,57.2,54,20680,3532,6715,11.8,1.2
1,0.0,23.1,764,57.2,55,17952,3877,6105,14.9,1.2
1,0.0,29.2,784,57.2,55,25050,4560,7386,12.5,1.3
1,0.0,20.7,754,57.2,54,74265,10254,11892,13.5,2.3
1,0.0,27.8,750,57.2,54,8772,3891,4171,13.8,1.3
1,0.0,27.4,761,57.2,54,8889,2427,4171,10.7,1.0
1,0.0,27.0,818,57.2,55,45539,8635,9829,11.5,2.4
1,0.0,75.4,757,57.2,54,1160,1160,1771,13.9,0.8
1,0.0,38.8,761,57.2,54,4382,1756,3135,13.8,0.9
1,0.0,44.8,777,57.2,55,4735,2114,3135,12.2,1.0
1,0.0,25.7,763,57.2,55,21180,4043,6715,13.1,1.3
1,0.0,24.0,780,57.2,56,51433,9321,9829,14.0,2.4
1,0.0,25.3,787,57.2,56,51636,4962,9829,13.7,1.4
1,0.0,26.0,766,57.2,55,14029,2725,5550,13.8,1.0
1,0.0,23.4,803,57.2,56,77227,11742,11892,13.3,2.8
1,0.0,36.2,800,57.2,56,7351,2992,3792,13.0,1.1
1,0.0,22.2,812,57.2,56,318000,24991,25485,11.8,5.2
1,0.0,24.0,800,57.2,56,49998,8185,9829,12.2,2.1
1,0.0,22.2,761,57.2,54,74318,8665,11892,13.9,2.2
1,0.0,26.2,768,57.2,55,26616,6107,7386,15.0,1.6
1,0.0,23.9,802,57.2,56,87119,11128,13081,12.6,2.6
1,0.0,23.0,733,57.2,55,26778,5630,7386,12.5,1.4
1,0.0,27.8,798,57.2,56,55155,8447,10811,14.5,2.2
1,0.0,28.9,770,57.2,54,17460,3373,6105,13.2,1.2
1,0.0,25.3,791,57.2,55,42671,5802,8936,13.4,1.6
1,0.0,33.1,803,57.2,56,8092,3717,4171,12.2,1.3
1,0.0,21.4,768,57.2,55,37982,5613,8936,11.9,1.5
1,0.0,27.6,828,57.2,56,78318,8789,11892,11.4,2.2
1,0.0,26.4,747,57.2,55,11211,4297,4588,12.5,1.3
1,0.0,24.1,778,57.2,55,35897,7623,8124,12.4,2.0
1,0.0,24.2,771,57.2,54,44782,7899,9829,11.9,2.0
1,0.0,30.4,762,57.2,54,12383,3630,5046,13.7,1.2
1,0.0,21.2,793,57.2,56,102000,13371,14389,13.4,3.0
1,0.0,25.3,790,57.2,55,24490,3951,6715,10.3,1.2
1,0.0,24.8,769,57.2,55,53319,6641,9829,12.4,1.8
1,0.0,26.9,763,57.2,54,9694,3248,4588,12.7,1.1
1,0.0,46.2,783,57.2,55,4181,1555,3135,13.1,0.8
1,0.0,35.7,764,57.2,55,6675,2308,3792,12.5,0.9
1,0.0,24.8,770,57.2,55,37170,4820,8936,13.5,1.4
1,0.0,25.0,814,57.2,56,55764,9033,10811,12.3,2.4
1,0.0,29.3,779,57.2,56,14649,3360,5550,13.0,1.1
1,0.0,52.2,814,57.2,56,3208,2011,2591,12.0,1.0
1,0.0,22.3,774,57.2,55,38798,5296,8936,14.1,1.5
1,0.0,32.1,796,57.2,56,16096,4819,5550,11.8,1.5
1,0.0,32.7,782,57.2,55,19571,5478,6105,12.6,1.7
1,0.0,36.1,739,57.2,54,3948,2750,2850,14.1,1.0
1,0.0,24.2,781,57.2,55,45913,9087,9829,13.3,2.2
1,0.0,21.2,769,57.2,55,51060,8846,9829,13.6,2.2
1,0.0,23.7,776,57.2,56,27225,6721,7386,12.5,1.8
1,0.0,52.5,769,57.2,55,2316,2311,2356,12.8,1.1
1,0.0,30.5,762,57.2,55,10396,3947,4588,14.5,1.3
1,0.0,29.8,751,57.2,53,9156,2707,4171,12.6,1.0
1,0.0,27.0,781,57.2,55,14512,3189,5550,11.8,1.1
1,0.0,30.2,772,57.2,55,16173,4894,5550,12.1,1.5
1,0.0,54.1,757,57.2,55,1960,1948,2142,12.7,1.0
1,0.0,25.6,758,57.2,54,17404,5225,6105,14.6,1.5
1,0.0,23.0,806,57.2,56,109000,12841,14389,13.1,3.0
1,0.0,21.8,764,57.2,53,44470,8483,8936,12.8,2.3
1,0.0,30.0,808,57.2,56,31375,7093,8124,12.7,2.0
1,0.0,22.4,802,57.2,56,218000,17411,21063,12.5,3.8
1,0.0,21.9,763,57.2,54,47640,8610,9829,13.4,2.2
1,0.0,21.1,779,57.2,55,136000,9395,15827,13.0,2.1
1,0.0,26.8,797,57.2,56,30672,6473,8124,11.5,1.7
1,0.0,24.1,761,57.2,54,23527,6370,6715,13.1,1.6
1,0.0,22.2,767,57.2,55,54429,8560,10811,14.1,2.1
1,0.0,21.3,804,57.2,56,222000,10989,21063,12.6,2.5
1,0.0,42.2,783,57.2,55,4350,1729,3135,12.5,0.9
1,0.0,22.3,782,57.2,55,41981,5175,8936,14.0,1.5
1,0.0,32.5,774,57.2,55,8121,3750,4171,13.1,1.3
1,0.0,23.0,753,57.2,54,24259,4734,6715,13.2,1.4
1,0.0,24.5,797,57.2,55,33666,5607,8124,12.0,1.5
1,0.0,26.3,813,57.2,56,59340,7215,10811,12.6,1.8
1,0.0,28.3,808,57.2,55,20347,3165,6105,12.1,1.0
1,0.0,34.5,788,57.2,55,7524,3149,3792,12.8,1.1
1,0.0,29.3,769,57.2,55,14824,3506,5550,13.0,1.2
1,0.0,31.2,763,57.2,54,7599,3240,3792,14.3,1.2
1,0.0,28.6,801,57.2,56,51601,9830,9829,14.6,2.7
1,0.0,31.7,803,57.2,55,14206,2896,5550,11.5,1.0
1,0.0,26.4,790,57.2,55,50649,8843,9829,12.8,2.5
1,0.0,66.3,706,57.2,51,903,897,1610,14.0,0.7
1,0.0,26.6,770,57.2,53,13154,4366,5046,13.4,1.3
1,0.0,23.1,794,57.2,56,37066,4720,8936,11.8,1.3
1,0.0,40.9,770,57.2,55,4584,1956,3135,13.2,0.9
1,0.0,31.3,751,57.2,54,5549,2920,3448,14.9,1.1
1,0.0,24.9,792,57.2,55,34284,5985,8124,12.7,1.6
1,0.0,25.5,799,57.2,55,49180,7391,9829,11.8,1.9
1,0.0,27.8,799,57.2,55,14867,3554,5550,11.4,1.2
1,0.0,20.6,753,57.2,54,21031,3579,6715,13.1,1.1
1,0.0,27.5,754,57.2,54,10177,3744,4588,13.1,1.3
1,0.0,32.3,795,57.2,55,12050,3244,5046,11.3,1.1
1,0.0,25.1,763,57.2,55,16796,5503,5550,13.6,1.5
1,0.0,75.5,758,57.2,54,962,954,1610,13.2,0.8
1,0.0,26.6,756,57.2,54,11709,2848,5046,12.9,1.0
1,0.0,30.0,748,57.2,54,7366,2889,3792,12.1,1.0
1,0.0,30.5,777,57.2,55,8271,3907,4171,12.0,1.2
1,0.0,22.3,773,57.2,55,55419,8706,10811,13.3,2.2
1,0.0,24.9,778,57.2,55,16510,5174,5550,13.4,1.5
1,0.0,23.3,775,57.2,55,27581,6628,7386,12.4,1.7
1,0.0,21.6,794,57.2,55,62611,10487,10811,13.0,2.5
1,0.0,21.9,786,57.2,56,71784,7603,11892,12.3,1.8
1,0.0,27.1,767,57.2,54,17564,3443,6105,14.1,1.2
1,0.0,37.3,813,57.2,56,7241,2871,3792,11.1,1.0
1,0.0,24.3,792,57.2,55,38117,5423,8936,10.8,1.5
1,0.0,26.6,811,57.2,56,43518,6597,8936,13.0,1.8
1,0.0,26.0,827,57.2,57,87098,11077,13081,12.2,2.7
1,0.0,27.7,772,57.2,55,17830,3766,6105,13.2,1.2
1,0.0,29.6,764,57.2,55,9915,3480,4588,14.1,1.3
1,0.0,66.1,758,57.2,54,1557,1545,1948,11.9,0.9
1,0.0,25.1,773,57.2,55,28053,3845,7386,13.5,1.1
1,0.0,27.0,799,57.2,56,34024,5676,8124,13.9,1.6
1,0.0,33.4,756,57.2,54,7138,2774,3792,13.1,1.0
1,0.0,32.5,803,57.2,56,20315,3177,6105,12.5,1.1
1,0.0,99.1,791,57.2,56,725,721,1464,13.1,0.8
1,0.0,24.3,776,57.2,54,26701,6116,7386,13.5,1.7
1,0.0,25.6,690,57.2,52,20384,3344,6105,14.4,1.1
1,0.0,30.9,789,57.2,55,13101,4324,5046,14.3,1.4
1,0.0,30.7,793,57.2,56,17955,3846,6105,12.7,1.2
1,0.0,26.0,756,57.2,54,19488,5392,6105,14.0,1.6
1,0.0,30.7,803,57.2,55,19854,5704,6105,11.6,1.7
1,0.0,22.0,789,57.2,55,133000,12269,15827,13.3,2.7
1,0.0,34.1,769,57.2,55,8258,3893,4171,12.7,1.3
1,0.0,24.8,762,57.2,55,22279,5166,6715,14.1,1.5
1,0.0,37.1,777,57.2,55,5646,3011,3448,12.5,1.2
1,0.0,28.3,814,57.2,56,40361,7992,8936,12.4,2.2
1,0.0,23.4,752,57.2,53,46265,6046,9829,11.8,1.7
1,0.0,24.5,764,57.2,55,22710,5446,6715,13.8,1.5
1,0.0,21.7,788,57.2,54,54110,7352,9829,12.4,1.8
1,0.0,23.4,764,57.2,55,27003,6506,7386,13.0,1.7
1,0.0,25.8,788,57.2,56,36188,7879,8124,13.5,2.2
1,0.0,37.1,764,57.2,55,4858,2237,3135,13.1,1.0
1,0.0,27.9,756,57.2,55,8011,3577,4171,13.6,1.2
1,0.0,35.2,791,57.2,55,7621,3240,3792,12.4,1.1
1,0.0,28.6,773,57.2,55,17895,3807,6105,12.9,1.2
1,0.0,24.3,819,57.2,56,93625,10895,13081,12.0,2.5
1,0.0,53.5,789,57.2,56,2830,1636,2591,13.8,0.9
1,0.0,50.7,793,57.2,55,3357,2161,2850,11.1,1.0
1,0.0,22.0,796,57.2,56,127000,15090,15827,12.3,3.4
1,0.0,32.6,796,57.2,55,11140,2394,4588,12.8,1.0
1,0.0,28.7,753,57.2,53,11982,3223,5046,13.0,1.1
1,0.0,34.8,758,57.2,54,7329,2971,3792,12.9,1.1
1,0.0,36.0,819,57.2,56,14478,3162,5550,11.9,1.1
1,0.0,24.5,793,57.2,55,35017,6678,8124,13.1,1.9
1,0.0,31.4,792,57.2,55,14509,3196,5550,11.7,1.1
1,0.0,23.1,773,57.2,54,54059,8440,9829,12.6,2.1
1,0.0,24.2,790,57.2,56,50976,9186,9829,13.6,2.4
1,0.0,52.1,773,57.2,55,2378,1184,2356,13.6,0.8
1,0.0,26.1,786,57.2,56,48064,5564,9829,14.8,1.5
1,0.0,23.6,774,57.2,55,23485,4231,6715,13.2,1.2
1,0.0,43.4,764,57.2,55,3481,2287,2850,12.7,1.0
1,0.0,39.0,786,57.2,55,6726,2353,3792,11.8,0.9
1,0.0,30.1,806,57.2,56,39134,6727,8936,13.0,1.9
1,0.0,28.8,801,57.2,56,17870,3762,6105,13.0,1.2
1,0.0,30.5,803,57.2,56,29504,5263,7386,13.9,1.5
1,0.0,21.6,792,57.2,55,101000,12440,14389,12.6,2.8
1,0.0,23.4,790,57.2,56,92295,9751,13081,13.6,2.3
1,0.0,39.2,776,57.2,55,4340,1718,3135,12.2,0.8
1,0.0,26.8,800,57.2,56,30948,6681,8124,14.1,1.8
1,0.0,22.3,757,57.2,54,26546,6024,7386,13.5,1.6
1,0.0,21.2,784,57.2,55,82151,12672,13081,13.7,2.9
1,0.0,23.6,820,57.2,56,61823,8235,10811,12.0,2.0
1,0.0,24.9,800,57.2,55,50781,8962,9829,14.0,2.2
1,0.0,32.9,764,57.2,54,7101,2728,3792,12.5,1.0
1,0.0,23.4,786,57.2,55,54773,7783,10811,12.6,2.0
1,0.0,26.5,778,57.2,55,14009,2710,5550,13.1,1.0
1,0.0,43.0,779,57.2,55,4280,1635,3135,11.9,0.8
1,0.0,26.3,794,57.2,56,46032,9144,9829,14.7,2.5
1,0.0,47.0,740,57.2,54,2451,1262,2356,13.9,0.8
1,0.0,27.6,799,57.2,55,19075,4995,6105,11.9,1.5
1,0.0,26.4,766,57.2,55,15478,4181,5550,11.5,1.3
1,0.0,25.1,824,57.2,56,173000,10172,19149,12.9,2.2
1,0.0,27.1,777,57.2,55,22396,5245,6715,15.3,1.6
1,0.0,26.4,765,57.2,55,18823,4736,6105,14.3,1.4
1,0.0,22.5,803,57.2,56,230000,18521,21063,13.6,4.2
1,0.0,42.0,798,57.2,55,6979,2615,3792,12.4,1.1
1,0.0,26.1,762,57.2,53,14765,3472,5550,12.5,1.1
1,0.0,25.4,780,57.2,56,40743,8371,8936,13.7,2.3
1,0.0,25.8,802,57.2,56,28666,4388,7386,11.8,1.2
1,0.0,34.1,757,57.2,54,6205,3305,3448,12.7,1.2
1,0.0,20.8,747,57.2,54,35145,6818,8124,12.9,1.7
1,0.0,31.6,791,57.2,56,19816,5711,6105,14.3,1.8
1,0.0,21.2,784,57.2,55,65201,7698,10811,13.1,1.9
1,0.0,27.4,786,57.2,55,18054,3137,6105,11.7,1.0
1,0.0,23.0,786,57.2,55,38127,8830,8936,11.9,2.2
1,0.0,25.3,778,57.2,55,29470,5246,7386,12.8,1.4
1,0.0,22.0,772,57.2,55,52020,5310,9829,13.4,1.5
1,0.0,27.2,803,57.2,56,35117,6783,8124,12.6,1.9
1,0.0,33.1,786,57.2,53,20088,5917,6105,11.9,1.8
1,0.0,25.1,778,57.2,55,76098,6666,11892,13.9,1.7
1,0.0,30.9,772,57.2,55,9722,3277,4588,13.3,1.2
1,0.0,24.1,757,57.2,53,17566,3501,6105,13.7,1.1
1,0.0,22.9,762,57.2,54,59657,7545,10811,13.4,2.0
1,0.0,35.4,759,57.2,53,3727,2512,2850,13.0,1.0
1,0.0,31.9,788,57.2,55,15548,4216,5550,12.6,1.4
1,0.0,20.9,744,57.2,54,34936,6667,8124,13.7,1.8
1,0.0,31.2,751,57.2,54,7929,3568,4171,13.9,1.2
1,0.0,20.4,774,57.2,55,111000,10297,14389,13.2,2.5
1,0.0,47.9,767,57.2,55,3524,2337,2850,13.5,1.1
1,0.0,29.7,799,57.2,56,29534,5325,7386,13.8,1.6
1,0.0,24.7,771,57.2,55,22518,4296,6715,13.9,1.3
1,0.0,32.8,785,57.2,56,16854,5549,5550,13.6,1.9
1,0.0,34.5,746,57.2,54,7291,2923,3792,12.4,1.1
1,0.0,38.0,734,57.2,54,4922,2291,3135,13.9,1.0
1,0.0,24.6,800,57.2,56,52683,5969,9829,11.8,1.7
1,0.0,26.0,787,57.2,56,45485,8670,9829,13.3,2.4
1,0.0,60.9,804,57.2,56,2240,2226,2356,10.9,1.2
1,0.0,27.7,800,57.2,56,33197,4815,8124,12.4,1.4
1,0.0,33.3,780,57.2,54,11249,2443,4588,12.1,1.0
1,0.0,45.8,799,57.2,56,5662,3044,3448,11.2,1.2
1,0.0,24.5,756,57.2,55,14844,3565,5550,13.8,1.2
1,0.0,49.0,733,57.2,52,2463,1262,2356,12.5,0.8
1,0.0,42.7,766,57.2,54,4337,1709,3135,12.6,0.8
1,0.0,73.1,754,57.2,55,1169,1157,1771,13.9,0.8
1,0.0,23.8,757,57.2,55,23140,5966,6715,13.6,1.6
1,0.0,45.9,741,57.2,54,3215,2016,2591,14.5,1.0
1,0.0,30.3,766,57.2,55,11435,2663,4588,14.1,1.0
1,0.0,28.5,784,57.2,55,18589,4461,6105,13.9,1.3
1,0.0,21.6,790,57.2,55,92824,10027,13081,12.7,2.3
1,0.0,26.5,776,57.2,55,13953,2617,5046,12.4,0.9
1,0.0,36.7,777,57.2,55,8193,3827,4171,12.8,1.3
1,0.0,37.2,774,57.2,55,6793,2414,3792,11.5,1.0
1,0.0,29.5,794,57.2,55,16763,5430,5550,12.1,1.5
1,0.0,62.9,765,57.2,54,1955,1955,2142,12.8,1.1
1,0.0,23.5,789,57.2,56,36815,4451,8124,12.9,1.3
1,0.0,53.1,786,57.2,55,2632,1447,2356,11.7,0.8
1,0.0,26.1,847,57.2,57,379000,21133,28033,11.5,4.6
1,0.0,24.3,751,57.2,53,25704,5192,7386,12.9,1.5
1,0.0,22.1,758,57.2,52,45553,6682,9829,11.5,1.8
1,0.0,25.0,801,57.2,55,141000,13900,17409,11.8,3.3
1,0.0,31.8,768,57.2,54,6109,3468,3448,11.8,1.1
1,0.0,60.7,732,57.2,55,1797,1791,2142,15.3,0.9
1,0.0,27.8,782,57.2,56,22050,4877,6715,15.2,1.5
1,0.0,23.9,750,57.2,54,15676,3720,5550,13.4,1.2
1,0.0,20.9,775,57.2,55,56522,9851,10811,12.2,2.4
1,0.0,68.1,768,57.2,54,1303,1284,1771,12.4,0.9
1,0.0,24.3,794,57.2,56,64025,9372,10811,13.2,2.3
1,0.0,60.4,776,57.2,55,2973,1781,2591,13.3,1.0
1,0.0,24.9,818,57.2,56,92725,10096,13081,12.4,2.4
1,0.0,30.5,754,57.2,54,7702,3337,4171,13.7,1.1
1,0.0,26.0,773,57.2,55,25119,4588,7386,12.0,1.3
1,0.0,22.1,794,57.2,55,97156,12923,14389,12.5,3.1
1,0.0,43.6,745,57.2,53,3747,2524,2850,11.2,1.0
1,0.0,32.2,749,57.2,55,6316,3387,3792,13.9,1.2
1,0.0,26.7,811,57.2,56,120000,8646,15827,12.7,2.0
1,0.0,32.0,761,57.2,54,9964,3482,4588,12.6,1.3
1,0.0,53.5,749,57.2,55,2368,2358,2356,13.0,1.1
1,0.0,24.6,778,57.2,54,17074,2970,6105,10.8,1.0
1,0.0,23.4,782,57.2,55,29164,4906,7386,12.6,1.4
1,0.0,24.5,789,57.2,55,55511,8776,10811,11.4,2.3
1,0.0,34.2,760,57.2,54,7257,2885,3792,12.3,1.0
1,0.0,31.5,710,57.2,54,4922,2275,3135,13.6,0.9
1,0.0,30.0,745,57.2,53,8916,2431,4171,12.9,1.0
1,0.0,21.5,753,57.2,54,78864,5960,11892,13.6,1.6
1,0.0,50.3,778,57.2,55,4292,1653,3135,12.6,0.9
1,0.0,21.8,780,57.2,55,37447,5076,8936,13.9,1.4
1,0.0,23.7,767,57.2,54,19915,5824,6105,12.1,1.5
1,0.0,33.2,777,57.2,55,10120,3652,4588,12.6,1.3
1,0.0,34.2,760,57.2,55,7138,2762,3792,14.9,1.0
1,0.0,31.5,803,57.2,55,14492,3204,5550,11.8,1.1
1,0.0,22.3,783,57.2,56,61039,8912,10811,12.4,2.2
1,0.0,28.4,772,57.2,56,13096,4328,5046,11.9,1.4
1,0.0,21.7,779,57.2,54,99746,10663,14389,15.4,2.5
1,0.0,25.5,796,57.2,56,62058,9874,10811,12.6,2.4
1,0.0,36.3,733,57.2,53,5821,3196,3448,14.4,1.2
1,0.0,41.6,759,57.2,54,4358,1714,3135,12.7,0.9
1,0.0,33.0,778,57.2,55,12063,3291,5046,12.2,1.1
1,0.0,24.7,797,57.2,56,49686,7916,9829,12.9,2.0
1,0.0,22.2,776,57.2,55,93677,11117,13081,13.5,2.5
1,0.0,51.5,770,57.2,54,3229,2037,2591,11.7,1.0
1,0.0,24.7,777,57.2,55,30643,6447,8124,12.2,1.7
1,0.0,24.6,779,57.2,55,28604,7186,7386,12.9,2.0
1,0.0,24.1,763,57.2,55,42087,5291,8936,14.1,1.6
1,0.0,25.3,802,57.2,56,114000,10970,14389,12.3,2.7
1,0.0,24.4,783,57.2,55,37191,4779,8936,13.0,1.3
1,0.0,54.1,785,57.2,55,2336,2331,2356,13.0,1.1
1,0.0,40.1,779,57.2,55,5410,2783,3448,12.3,1.1
1,0.0,29.4,753,57.2,55,11471,2689,5046,13.3,1.0
1,0.0,27.7,788,57.2,56,23974,3456,6715,13.3,1.1
1,0.0,47.0,756,57.2,55,2825,1624,2591,14.2,0.9
1,0.0,56.7,777,57.2,55,2354,2344,2356,13.0,1.1
1,0.0,48.0,758,57.2,54,2931,1722,2591,13.3,0.9
1,0.0,62.1,785,57.2,55,2012,2005,2142,11.9,1.0
1,0.0,27.5,777,57.2,55,18506,4418,6105,12.1,1.3
1,0.0,28.4,797,57.2,55,26103,5580,7386,14.7,1.7
1,0.0,42.2,788,57.2,55,4046,2865,2850,11.3,1.2
1,0.0,44.6,771,57.2,55,4090,1461,2850,13.7,0.8
1,0.0,26.9,764,57.2,54,23109,5919,6715,12.6,1.6
1,0.0,28.0,762,57.2,54,12477,3700,5046,12.2,1.2
1,0.0,36.3,778,57.2,55,8958,2513,4171,12.5,1.0
1,0.0,28.1,778,57.2,55,20598,3462,6105,12.7,1.1
1,0.0,48.7,748,57.2,54,2597,1399,2356,13.9,0.8
1,0.0,20.9,766,57.2,55,88522,12540,13081,13.1,2.9
1,0.0,32.4,770,57.2,55,6886,2529,3792,12.6,1.0
1,0.0,22.5,759,57.2,53,34459,4656,8124,13.3,1.4
1,0.0,30.9,782,57.2,55,22406,5237,6715,13.2,1.6
1,0.0,22.1,786,57.2,54,93579,10799,13081,11.8,2.5
1,0.0,25.4,779,57.2,55,23022,5855,6715,12.4,1.6
1,0.0,21.9,764,57.2,55,37216,4874,8936,13.0,1.4
1,0.0,27.3,750,57.2,53,11575,2819,5046,13.2,1.0
1,0.0,111.0,761,57.2,53,642,640,1464,12.0,0.7
1,0.0,35.3,735,57.2,52,6503,2131,3792,14.0,0.9
1,0.0,24.5,794,57.2,56,46651,9775,9829,12.4,2.5
1,0.0,30.1,824,57.2,57,34225,5889,8124,12.9,1.6
1,0.0,24.7,768,57.2,55,22627,5441,6715,13.5,1.5
1,0.0,27.1,776,57.2,55,17841,3731,6105,13.3,1.2
1,0.0,26.1,812,57.2,56,41199,8818,8936,12.6,2.2
1,0.0,34.6,789,57.2,54,13735,4956,5046,11.6,1.6
1,0.0,22.7,784,57.2,55,38059,5681,8936,13.0,1.5
1,0.0,36.1,740,57.2,53,4944,2315,3135,14.2,1.0
1,0.0,30.9,812,57.2,56,12801,4044,5046,12.0,1.3
1,0.0,27.0,747,57.2,54,13191,4448,5046,14.5,1.4
1,0.0,23.8,757,57.2,52,20392,5075,6105,12.2,1.4
1,0.0,28.6,746,57.2,53,7230,2751,3792,11.8,1.0
1,0.0,55.2,775,57.2,54,2246,2245,2356,12.2,1.1
1,0.0,21.8,768,57.2,55,31158,6941,8124,15.3,1.8
1,0.0,23.6,785,57.2,55,45886,8993,9829,13.4,2.2
1,0.0,26.0,786,57.2,55,45643,8787,9829,13.0,2.3
1,0.0,35.5,769,57.2,54,7715,3355,4171,13.8,1.2
1,0.0,25.7,779,57.2,55,19139,5034,6105,12.7,1.4
1,0.0,25.0,788,57.2,55,41145,8800,8936,13.1,2.1
1,0.0,30.5,766,57.2,53,13789,5022,5046,12.5,1.5
1,0.0,26.7,772,57.2,53,40974,8582,8936,12.5,2.1
1,0.0,26.4,774,57.2,54,18577,4467,6105,14.2,1.3
1,0.0,31.8,797,57.2,56,14913,3580,5550,13.9,1.2
1,0.0,24.1,779,57.2,55,45918,9110,9829,12.7,2.3
1,0.0,70.7,779,57.2,54,1379,1367,1948,12.2,0.9
1,0.0,33.9,799,57.2,56,16590,5276,5550,12.1,1.6
1,0.0,27.1,788,57.2,56,29274,5083,7386,14.3,1.5
1,0.0,28.6,797,57.2,56,32010,7745,8124,13.4,2.2
1,0.0,33.1,757,57.2,53,8774,2301,4171,12.9,0.9
1,0.0,23.2,769,57.2,54,58941,10428,10811,11.0,2.5
1,0.0,25.3,779,57.2,55,57520,10837,10811,12.8,2.7
1,0.0,24.4,778,57.2,55,38091,5747,8936,12.8,1.5
1,0.0,24.7,786,57.2,56,18550,4453,6105,13.6,1.4
1,0.0,22.1,790,57.2,56,100000,11022,14389,14.2,2.7
1,0.0,26.7,790,57.2,56,33546,5199,8124,13.4,1.5
1,0.0,46.5,780,57.2,55,3633,2440,2850,12.4,1.1
1,0.0,23.6,756,57.2,54,46268,7379,9829,13.2,2.1
1,0.0,67.5,757,57.2,54,1396,1394,1948,11.9,0.9
1,0.0,39.4,754,57.2,54,4479,1851,3135,13.5,0.9
1,0.0,64.6,783,57.2,55,1735,1731,2142,12.9,1.0
1,0.0,26.9,793,57.2,56,31262,7022,8124,13.8,1.9
1,0.0,42.0,700,57.2,52,3128,956,2591,13.6,0.7
1,0.0,39.8,781,57.2,55,4718,2067,3135,12.3,0.9
1,0.0,26.2,769,57.2,54,14289,2962,5550,12.3,1.0
1,0.0,24.0,785,57.2,55,24272,3761,6715,12.3,1.1
1,0.0,38.8,767,57.2,54,3869,2647,2850,13.7,1.1
1,0.0,27.8,781,57.2,55,14078,2779,5550,12.5,1.0
1,0.0,23.7,777,57.2,55,41067,8633,8936,13.0,2.1
1,0.0,26.1,765,57.2,54,12678,3914,5046,12.8,1.2
1,0.0,32.7,758,57.2,54,9625,3870,4588,11.5,1.2
1,0.0,25.4,795,57.2,56,50815,9016,9829,12.8,2.3
1,0.0,26.2,779,57.2,55,34311,5992,8124,12.1,1.7
1,0.0,22.2,793,57.2,56,72956,9327,11892,13.9,2.3
1,0.0,31.1,778,57.2,55,11402,2634,4588,13.5,1.0
1,0.0,28.3,801,57.2,56,67405,9871,11892,12.0,2.5
1,0.0,36.0,751,57.2,55,6417,2063,3792,14.4,0.9
1,0.0,30.4,766,57.2,55,13661,4880,5046,14.3,1.6
1,0.0,55.0,770,57.2,55,2356,2339,2356,12.2,1.1
1,0.0,23.0,766,57.2,55,24422,3906,6715,13.6,1.2
1,0.0,73.4,750,57.2,54,1367,1359,1948,13.9,0.9
1,0.0,24.1,797,57.2,56,28099,3836,7386,12.3,1.1
1,0.0,48.9,775,57.2,55,3267,2058,2591,12.0,1.0
1,0.0,26.3,777,57.2,55,48112,6380,9829,12.5,1.7
1,0.0,24.1,773,57.2,56,43855,7028,8936,15.4,2.0
1,0.0,29.8,783,57.2,55,14202,2876,5550,12.8,1.0
1,0.0,25.6,757,57.2,54,32747,4458,8124,13.5,1.3
1,0.0,23.4,768,57.2,55,22404,5248,6715,13.5,1.4
1,0.0,21.5,768,57.2,55,46369,9530,9829,13.5,2.4
1,0.0,26.2,781,57.2,55,42321,5498,8936,12.9,1.6
1,0.0,24.4,777,57.2,55,36861,4476,8124,13.8,1.3
1,0.0,39.2,799,57.2,55,7141,2782,3792,11.4,1.0
1,0.0,23.8,827,57.2,56,115000,9883,14389,12.4,2.3
1,0.0,21.9,777,57.2,53,81445,11766,13081,12.9,2.8
1,0.0,23.5,778,57.2,55,39142,6760,8936,12.8,1.8
1,0.0,21.6,791,57.2,55,60327,8175,10811,14.0,2.1
1,0.0,22.1,794,57.2,56,57551,10839,10811,13.8,2.8
1,0.0,27.2,797,57.2,55,40418,7988,8936,12.9,2.0
1,0.0,21.1,804,57.2,56,201000,10900,19149,12.9,2.5
1,0.0,54.0,780,57.2,54,2511,1311,2356,9.9,0.8
1,0.0,30.6,776,57.2,55,14879,3575,5550,12.6,1.2
1,0.0,27.5,804,57.2,56,55193,8462,10811,12.1,2.3
1,0.0,31.5,797,57.2,55,17455,3342,6105,12.7,1.1
1,0.0,22.6,769,57.2,54,40494,4631,8936,12.6,1.3
1,0.0,24.8,797,57.2,55,47410,5659,9829,11.9,1.5
1,0.0,37.9,789,57.2,55,6740,2373,3792,11.8,1.0
1,0.0,28.6,785,57.2,55,14022,2692,5550,10.7,1.0
1,0.0,51.7,773,57.2,55,3246,2057,2591,13.3,1.1
1,0.0,34.2,789,57.2,55,12156,3362,5046,12.0,1.3
1,0.0,22.9,790,57.2,55,98686,9512,14389,13.7,2.2
1,0.0,28.5,749,57.2,53,13629,4854,5046,14.4,1.4
1,0.0,23.4,792,57.2,55,73737,10180,11892,12.6,2.4
1,0.0,24.0,737,57.2,54,12991,4054,5046,13.7,1.3
1,0.0,29.2,770,57.2,55,15153,3830,5550,12.7,1.3
1,0.0,22.0,775,57.2,55,92791,6667,13081,13.5,1.7
1,0.0,22.9,791,57.2,55,74889,11407,11892,12.1,2.8
1,0.0,29.0,777,57.2,54,15323,3959,5550,12.3,1.3
1,0.0,26.6,759,57.2,54,15502,4189,5550,11.7,1.3
1,0.0,46.7,772,57.2,55,3518,2326,2850,12.9,1.0
1,0.0,41.9,790,57.2,55,6051,3403,3448,12.6,1.4
1,0.0,31.6,768,57.2,54,12331,3549,5046,11.6,1.2
1,0.0,42.0,731,57.2,53,3387,2202,2850,13.3,0.9
1,0.0,46.3,736,57.2,53,2528,1329,2356,11.2,0.8
1,0.0,25.0,784,57.2,55,22028,4865,6715,12.1,1.4
1,0.0,29.9,756,57.2,54,8029,3219,4171,12.5,1.1
1,0.0,32.9,779,57.2,55,9097,2628,4171,12.4,1.0
1,0.0,28.3,756,57.2,55,10102,3655,4588,13.4,1.2
1,0.0,25.7,791,57.2,55,35053,6724,8124,11.7,1.8
1,0.0,30.3,762,57.2,55,11131,2351,4588,13.2,0.9
1,0.0,30.4,776,57.2,55,23424,6296,6715,12.9,1.9
1,0.0,31.9,770,57.2,55,10167,3709,4588,13.3,1.3
1,0.0,23.8,726,57.2,50,12881,4139,5046,12.2,1.3
1,0.0,27.6,777,57.2,54,31215,6965,8124,13.9,1.9
1,0.0,23.5,761,57.2,53,25960,5389,7386,11.9,1.5
1,0.0,27.0,796,57.2,55,61337,9223,10811,12.6,2.4
1,0.0,27.8,777,57.2,55,16786,5487,5550,13.2,1.6
1,0.0,31.4,819,57.2,56,33957,5626,8124,13.3,1.7
1,0.0,32.6,804,57.2,56,24718,4193,6715,12.9,1.3
1,0.0,22.9,803,57.2,55,84469,8423,13081,12.8,2.0
1,0.0,23.0,787,57.2,55,90483,8604,13081,13.0,2.2
1,0.0,25.7,786,57.2,55,19297,5192,6105,13.8,1.6
1,0.0,25.3,802,57.2,56,57496,10760,10811,13.9,3.0
1,0.0,31.4,757,57.2,55,6731,2372,3792,13.2,1.0
1,0.0,35.3,763,57.2,54,5688,3033,3448,13.9,1.1
1,0.0,38.4,802,57.2,55,7903,3492,4171,13.5,1.3
1,0.0,27.6,806,57.2,56,18982,4851,6105,12.2,1.5
1,0.0,22.5,800,57.2,55,42282,5360,8936,13.5,1.5
1,0.0,29.5,785,57.2,55,17418,3321,6105,13.9,1.1
1,0.0,21.0,773,57.2,55,30633,5979,8124,13.9,1.6
1,0.0,33.9,819,57.2,56,16143,4802,5550,12.8,1.5
1,0.0,22.7,806,57.2,55,116000,12930,14389,12.5,2.9
1,0.0,26.0,778,57.2,55,36265,7978,8124,14.1,2.3
1,0.0,26.4,810,57.2,56,33425,5094,8124,12.3,1.5
1,0.0,29.9,781,57.2,54,12476,3688,5046,10.7,1.2
1,0.0,31.7,802,57.2,55,15284,3941,5550,12.8,1.3
1,0.0,43.3,780,57.2,55,3421,2231,2850,11.9,1.0
1,0.0,29.1,787,57.2,55,16486,5134,5550,12.9,1.6
1,0.0,26.9,798,57.2,55,29958,5731,7386,14.1,1.6
1,0.0,36.1,776,57.2,54,6170,1796,3448,13.0,0.8
1,0.0,35.3,787,57.2,55,13248,4453,5046,12.3,1.5
1,0.0,26.6,771,57.2,55,22571,5407,6715,14.1,1.6
1,0.0,23.1,768,57.2,54,45005,5067,9829,12.0,1.5
1,0.0,36.0,721,57.2,52,4829,2202,3135,12.6,0.9
1,0.0,47.4,740,57.2,53,2383,1191,2356,13.9,0.8
1,0.0,32.3,771,57.2,55,10269,3794,4588,13.7,1.3
1,0.0,26.1,779,57.2,54,25316,4748,7386,11.8,1.4
1,0.0,22.5,756,57.2,55,25967,4833,7386,13.1,1.4
1,0.0,25.6,781,57.2,55,22783,4665,6715,12.9,1.3
1,0.0,29.3,789,57.2,56,19592,5500,6105,13.0,1.7
1,0.0,25.7,768,57.2,55,14524,3243,5550,13.0,1.1
1,0.0,23.0,782,57.2,55,84952,7015,13081,12.9,1.8
1,0.0,27.6,778,57.2,55,16186,4855,5550,12.1,1.4
1,0.0,34.0,743,57.2,54,3705,2227,2850,12.1,0.9
1,0.0,40.7,765,57.2,55,6242,1888,3448,13.4,0.9
1,0.0,23.8,804,57.2,56,38602,6203,8936,12.8,1.7
1,0.0,26.6,769,57.2,55,19579,5467,6105,12.1,1.6
1,0.0,24.0,821,57.2,57,85640,9561,13081,13.0,2.3
1,0.0,26.0,798,57.2,56,23467,6276,6715,12.9,1.7
1,0.0,26.5,784,57.2,55,33587,5268,8124,12.4,1.5
1,0.0,21.9,792,57.2,55,123000,10934,15827,12.6,2.4
1,0.0,35.3,780,57.2,56,9376,2892,4171,12.8,1.1
1,0.0,23.0,774,57.2,55,37034,4667,8936,14.1,1.3
1,0.0,32.3,788,57.2,55,13792,5016,5046,12.4,1.6
1,0.0,25.3,778,57.2,55,29403,5191,7386,14.0,1.4
1,0.0,27.0,771,57.2,55,20269,3130,6105,14.3,1.1
1,0.0,23.6,808,57.2,56,137000,10247,15827,12.1,2.4
1,0.0,27.0,748,57.2,54,15522,4768,5550,14.4,1.5
1,0.0,19.5,770,57.2,55,116000,13294,15827,12.8,2.9
1,0.0,21.7,778,57.2,55,42759,5898,8936,12.6,1.6
1,0.0,26.0,768,57.2,55,19946,5867,6105,13.4,1.7
1,0.0,24.9,771,57.2,55,35211,6908,8124,14.4,1.9
1,0.0,27.7,751,57.2,55,8564,3640,4171,14.1,1.2
1,0.0,23.6,801,57.2,56,88555,12539,13081,12.6,3.0
1,0.0,26.3,779,57.2,55,54166,7419,9829,12.5,2.1
1,0.0,27.6,783,57.2,55,30902,6682,8124,12.6,1.9
1,0.0,28.8,807,57.2,56,41559,4684,8936,13.5,1.4
1,0.0,25.2,786,57.2,55,25251,4714,7386,11.8,1.3
1,0.0,27.3,779,57.2,56,16293,4995,5550,14.0,1.6
1,0.0,22.7,779,57.2,56,42928,6115,8936,12.9,1.7
1,0.0,30.3,752,57.2,55,10443,3964,4588,14.7,1.3
1,0.0,24.1,801,57.2,56,42503,5678,8936,11.4,1.5
1,0.0,21.9,794,57.2,55,119000,9472,15827,11.7,2.0
1,0.0,25.6,754,57.2,54,15247,3936,5550,13.6,1.3
1,0.0,28.9,749,57.2,54,10299,3861,4588,13.8,1.3
1,0.0,32.0,782,57.2,55,12747,3987,5046,13.0,1.3
1,0.0,26.0,803,57.2,56,241000,19335,21063,13.8,4.9
1,0.0,20.4,760,57.2,54,105000,10046,14389,13.3,2.3
1,0.0,46.1,776,57.2,55,3846,2652,2850,12.8,1.2
1,0.0,57.3,820,57.2,56,3293,2107,2591,12.0,1.1
1,0.0,22.2,794,57.2,56,85760,9767,13081,13.8,2.2
1,0.0,25.1,795,57.2,56,22546,5355,6715,11.7,1.5
1,0.0,25.2,803,57.2,56,65858,8287,11892,11.4,2.2
1,0.0,21.2,782,57.2,55,86697,10754,13081,13.7,2.5
1,0.0,22.8,759,57.2,55,22945,5827,6715,12.6,1.6
1,0.0,24.9,810,57.2,56,445000,17226,30836,13.8,3.6
1,0.0,25.1,789,57.2,56,30681,6447,8124,12.2,1.6
1,0.0,21.3,759,57.2,55,127000,8369,15827,14.2,2.1
1,0.0,31.4,634,57.2,54,5729,3081,3448,13.6,1.1
1,0.0,29.3,754,57.2,53,6399,3525,3792,12.9,1.2
1,0.0,22.7,812,57.2,56,110000,13797,14389,11.7,3.2
1,0.0,23.6,780,57.2,55,30137,5755,7386,13.5,1.6
1,0.0,32.3,779,57.2,54,8604,2147,4171,13.5,0.9
1,0.0,23.5,772,57.2,55,25176,4647,7386,13.8,1.3
1,0.0,39.4,832,57.2,57,11194,2415,4588,11.9,1.0
1,0.0,25.4,777,57.2,55,24758,4249,6715,11.9,1.2
1,0.0,30.7,778,57.2,55,8958,2497,4171,13.0,1.0
1,0.0,34.4,747,57.2,54,7244,2882,3792,14.3,1.1
1,0.0,75.4,723,57.2,54,1000,998,1610,12.7,0.7
1,0.0,32.3,785,57.2,55,15790,4465,5550,14.6,1.5
1,0.0,34.6,777,57.2,55,8419,4036,4171,12.4,1.4
1,0.0,36.1,791,57.2,55,8760,2272,4171,12.8,1.0
1,0.0,21.0,751,57.2,53,83446,8967,13081,14.2,2.2
1,0.0,22.5,782,57.2,55,77715,8256,11892,13.8,2.0
1,0.0,29.6,777,57.2,54,10929,4481,4588,12.2,1.5
1,0.0,22.7,763,57.2,55,26966,6469,7386,14.5,1.7
1,0.0,42.2,762,57.2,52,4014,2820,2850,11.2,1.1
1,0.0,28.7,795,57.2,55,20260,3098,6105,14.0,1.0
1,0.0,32.0,768,57.2,55,13838,2561,5046,13.5,1.0
1,0.0,26.9,749,57.2,55,12629,3866,5046,13.4,1.2
1,0.0,23.4,787,57.2,56,22628,5485,6715,12.2,1.5
1,0.0,21.9,797,57.2,56,250000,17887,23169,13.7,4.1
1,0.0,21.3,794,57.2,55,48078,6244,9829,12.0,1.6
1,0.0,35.0,773,57.2,54,5370,2724,3448,11.7,1.1
1,0.0,25.1,808,57.2,56,42256,5384,8936,12.2,1.5
1,0.0,27.3,769,57.2,55,14210,2868,5550,12.7,1.0
1,0.0,30.0,793,57.2,56,17952,3875,6105,13.0,1.3
1,0.0,30.7,752,57.2,55,4562,1927,3135,12.4,0.9
1,0.0,34.9,763,57.2,55,5929,3296,3448,13.6,1.2
1,0.0,24.9,790,57.2,55,49327,7570,9829,11.3,2.1
1,0.0,27.8,758,57.2,55,15182,3899,5550,14.2,1.3
1,0.0,21.4,773,57.2,55,66219,10923,11892,13.9,2.7
1,0.0,23.9,787,57.2,55,32789,4419,8124,13.0,1.3
1,0.0,30.1,764,57.2,53,19182,5082,6105,12.4,1.5
1,0.0,22.8,788,57.2,55,48029,6264,9829,11.8,1.6
1,0.0,43.9,771,57.2,55,3463,2264,2850,13.2,1.0
1,0.0,27.1,776,57.2,55,27361,6861,7386,13.2,1.9
1,0.0,28.4,764,57.2,55,9473,3016,4588,14.3,1.1
1,0.0,20.7,738,57.2,54,44506,7688,8936,15.6,2.0
1,0.0,26.0,780,57.2,55,70851,7355,11892,11.7,1.9
1,0.0,33.7,764,57.2,55,8154,3764,4171,12.3,1.3
1,0.0,27.3,807,57.2,56,31696,7481,8124,11.6,2.0
1,0.0,22.3,762,57.2,54,45483,7773,9829,14.6,2.0
1,0.0,23.1,791,57.2,56,78650,9237,11892,12.5,2.2
1,0.0,26.3,820,57.2,56,48293,6508,9829,12.7,1.7
1,0.0,40.0,757,57.2,55,4463,1834,3135,12.9,0.9
1,0.0,26.7,761,57.2,54,17394,3278,6105,13.3,1.1
1,0.0,27.2,780,57.2,56,44685,7840,8936,12.2,2.2
1,0.0,25.6,780,57.2,55,22403,5260,6715,14.2,1.5
1,0.0,47.5,786,57.2,56,3347,2140,2591,12.2,1.0
1,0.0,24.2,765,57.2,55,37552,5199,8936,14.9,1.5
1,0.0,25.3,780,57.2,55,25977,5480,7386,13.6,1.6
1,0.0,28.1,766,57.2,55,9909,3131,4588,12.6,1.1
1,0.0,33.3,806,57.2,56,17683,3574,6105,13.0,1.2
1,0.0,26.3,768,57.2,55,16153,4828,5550,13.1,1.4
1,0.0,22.6,759,57.2,54,20719,3518,6715,12.8,1.1
1,0.0,30.3,796,57.2,56,31780,7523,8124,13.6,2.1
1,0.0,26.2,806,57.2,56,36336,8086,8124,13.9,2.1
1,0.0,44.4,787,57.2,55,7026,2639,3792,12.0,1.1
1,0.0,24.7,783,57.2,55,33284,4955,8124,12.2,1.3
1,0.0,23.0,770,57.2,55,47660,5917,9829,14.0,1.6
1,0.0,27.0,802,57.2,55,34273,5905,8124,12.5,1.7
1,0.0,26.0,816,57.2,56,71985,8477,11892,10.9,2.1
1,0.0,27.5,799,57.2,55,22427,5293,6715,13.0,1.6
1,0.0,24.8,820,57.2,56,115000,11462,14389,12.5,2.7
1,0.0,35.7,785,57.2,55,7210,2858,3792,12.6,1.1
1,0.0,33.1,773,57.2,55,10811,4343,4588,12.2,1.4
1,0.0,41.1,769,57.2,55,4384,1762,3135,12.0,0.8
1,0.0,25.7,809,57.2,56,36313,8020,8124,13.8,2.2
1,0.0,21.8,779,57.2,55,48130,5488,9829,13.7,1.5
1,0.0,23.1,765,57.2,55,41674,4827,8936,13.7,1.4
1,0.0,32.2,803,57.2,56,20998,3826,6715,13.2,1.2
1,0.0,29.7,778,57.2,55,14511,3198,5550,12.7,1.1
1,0.0,33.7,801,57.2,55,11448,2670,4588,11.9,1.0
1,0.0,25.4,811,57.2,56,36204,7887,8124,12.9,2.0
1,0.0,30.4,775,57.2,55,11428,2658,4588,12.5,1.1
1,0.0,34.0,795,57.2,55,12592,3806,5046,10.8,1.3
1,0.0,23.5,792,57.2,55,50037,9213,9829,12.5,2.4
1,0.0,31.5,764,57.2,55,9313,2843,4171,14.1,1.1
1,0.0,28.0,812,57.2,56,35325,7035,8124,11.6,1.9
1,0.0,25.5,779,57.2,55,34887,6561,8124,12.8,1.7
1,0.0,29.0,755,57.2,53,10578,4127,4588,13.0,1.3
1,0.0,72.7,750,57.2,54,953,950,1610,11.6,0.8
1,0.0,34.4,782,57.2,55,8777,2327,4171,13.7,1.0
1,0.0,51.5,756,57.2,55,2366,2366,2356,14.2,1.2
1,0.0,24.0,769,57.2,55,18499,4436,6105,13.3,1.3
1,0.0,25.9,787,57.2,55,32072,7840,8124,12.9,2.1
1,0.0,46.4,734,57.2,53,2920,1720,2591,11.8,0.9
1,0.0,22.2,821,57.2,56,125000,13921,15827,11.1,3.1
1,0.0,32.4,779,57.2,55,13366,4588,5046,12.6,1.5
1,0.0,25.3,753,57.2,55,15351,3976,5550,12.8,1.3
1,0.0,21.9,766,57.2,54,49110,7320,9829,14.0,1.9
1,0.0,83.8,780,57.2,55,1117,1117,1771,11.7,0.9
1,0.0,27.5,765,57.2,54,9339,2886,4171,11.1,1.0
1,0.0,22.1,752,57.2,54,28647,3805,7386,13.9,1.2
1,0.0,27.0,768,57.2,55,23888,3381,6715,12.4,1.1
1,0.0,28.8,812,57.2,56,39671,7293,8936,13.9,2.0
1,0.0,27.9,771,57.2,55,15885,4603,5550,13.9,1.5
1,0.0,23.8,771,57.2,55,25200,4667,7386,13.1,1.3
1,0.0,35.0,743,57.2,54,4332,1703,3135,14.0,0.8
1,0.0,25.2,809,57.2,56,59878,7752,10811,13.4,2.0
1,0.0,25.0,757,57.2,54,34387,6111,8124,12.6,1.7
1,0.0,25.4,805,57.2,56,84675,8606,13081,11.7,2.1
1,0.0,70.9,799,57.2,56,1537,1535,1948,11.2,1.0
1,0.0,38.6,777,57.2,55,5842,3211,3448,13.1,1.2
1,0.0,31.1,771,57.2,56,9552,3106,4588,13.2,1.2
1,0.0,23.9,758,57.2,55,21215,4060,6715,14.2,1.2
1,0.0,32.3,760,57.2,54,7134,2772,3792,13.2,1.1
1,0.0,31.1,754,57.2,55,8229,3861,4171,14.8,1.3
1,0.0,21.4,779,57.2,55,173000,11955,19149,13.8,2.9
1,0.0,66.4,767,57.2,55,1386,1375,1948,15.3,0.9
1,0.0,37.4,810,57.2,56,9179,2708,4171,12.9,1.1
1,0.0,43.7,779,57.2,55,4801,2164,3135,13.0,1.0
1,0.0,23.3,775,57.2,55,51535,9774,9829,14.0,2.5
1,0.0,34.1,772,57.2,54,9573,3117,4588,13.3,1.1
1,0.0,25.6,756,57.2,53,14143,5034,5550,12.4,1.4
1,0.0,28.9,764,57.2,55,9801,2852,4588,13.0,1.1
1,0.0,20.6,768,57.2,55,88510,12514,13081,15.0,2.9
1,0.0,51.5,784,57.2,55,3043,1851,2591,12.7,0.9
1,0.0,45.7,759,57.2,55,2971,1780,2591,14.3,0.9
1,0.0,39.3,751,57.2,54,3113,1921,2591,13.0,0.9
1,0.0,23.2,800,57.2,56,191000,10033,19149,12.7,2.2
1,0.0,36.0,757,57.2,54,5592,2967,3448,13.9,1.1
1,0.0,23.4,785,57.2,56,75048,10971,11892,14.6,2.8
1,0.0,25.8,765,57.2,54,13886,2592,5046,13.7,1.0
1,0.0,24.7,740,57.2,54,13122,4374,5046,14.1,1.3
1,0.0,25.1,819,57.2,56,83403,7382,13081,12.3,1.6
1,0.0,31.2,772,57.2,55,10139,3664,4588,13.2,1.3
1,0.0,24.7,811,57.2,56,102000,13273,14389,13.0,3.2
1,0.0,24.2,793,57.2,56,84242,8243,13081,13.4,1.9
1,0.0,25.3,815,57.2,56,97146,13437,14389,12.0,3.3
1,0.0,31.9,778,57.2,55,10544,4102,4588,12.5,1.4
1,0.0,48.4,737,57.2,54,2635,1451,2356,13.6,0.8
1,0.0,30.9,779,57.2,55,16646,5319,5550,14.5,1.6
1,0.0,23.9,777,57.2,55,35481,7135,8124,12.4,1.8
1,0.0,32.9,760,57.2,54,5543,2912,3448,13.1,1.1
1,0.0,33.8,769,57.2,55,6979,2358,3792,12.4,1.0
1,0.0,25.0,790,57.2,55,38627,7301,8936,12.5,1.9
1,0.0,22.5,791,57.2,55,45895,6762,9829,11.4,1.7
1,0.0,35.2,798,57.2,56,7862,3474,4171,11.2,1.2
1,0.0,26.3,784,57.2,55,36750,4363,8124,12.5,1.2
1,0.0,56.5,739,57.2,53,2777,1591,2591,14.4,0.9
1,0.0,24.9,816,57.2,56,55629,8839,10811,12.3,2.2
1,0.0,20.4,789,57.2,55,61690,9574,10811,12.3,2.2
1,0.0,37.1,763,57.2,53,5711,2700,3448,12.7,1.0
1,0.0,54.1,771,57.2,54,2086,2081,2142,13.5,1.0
1,0.0,26.0,821,57.2,56,74164,10635,11892,11.4,2.6
1,0.0,28.5,794,57.2,55,22423,5280,6715,12.6,1.6
1,0.0,32.4,796,57.2,56,11060,4600,4588,13.1,1.5
1,0.0,32.3,766,57.2,55,10961,4510,4588,13.5,1.5
1,0.0,29.4,783,57.2,55,21678,4482,6715,12.4,1.3
1,0.0,23.4,803,57.2,56,263000,15173,23169,13.0,3.3
1,0.0,28.5,754,57.2,54,8682,2237,4171,12.8,0.9
1,0.0,24.9,795,57.2,55,34652,6335,8124,12.1,1.7
1,0.0,25.2,763,57.2,55,10577,4002,4588,13.2,1.3
1,0.0,28.0,777,57.2,55,12209,3454,5046,12.3,1.2
1,0.0,23.8,809,57.2,56,33297,4998,8124,13.0,1.4
1,0.0,40.2,761,57.2,55,3956,2767,2850,13.4,1.1
1,0.0,24.8,777,57.2,55,26118,7398,7386,13.5,2.1
1,0.0,29.9,742,57.2,54,7186,2817,3792,13.0,1.0
1,0.0,25.4,760,57.2,55,23835,6698,6715,13.2,1.9
1,0.0,24.3,762,57.2,55,26310,5795,7386,13.5,1.6
1,0.0,23.1,773,57.2,54,45500,8649,9829,12.5,2.3
1,0.0,28.6,748,57.2,53,8535,2705,4171,12.5,1.0
1,0.0,30.6,781,57.2,55,13396,4627,5046,12.8,1.5
1,0.0,28.3,791,57.2,55,37146,4775,8936,12.6,1.4
1,0.0,41.6,756,57.2,53,3777,2581,2850,10.5,1.0
1,0.0,25.2,756,57.2,54,13753,4988,5046,13.6,1.5
1,0.0,27.3,784,57.2,55,20950,3758,6715,11.5,1.2
1,0.0,24.0,801,57.2,55,90036,12199,13081,12.1,3.1
1,0.0,29.8,797,57.2,55,24816,4264,6715,11.3,1.3
1,0.0,31.2,805,57.2,56,13443,4657,5046,12.2,1.4
1,0.0,26.0,813,57.2,56,24747,4229,6715,11.4,1.2
1,0.0,24.4,797,57.2,56,76343,6789,11892,12.1,1.7
1,0.0,22.0,754,57.2,54,119000,15743,15827,13.7,3.6
1,0.0,33.1,795,57.2,55,7913,3527,4171,11.4,1.2
1,0.0,30.1,779,57.2,55,13974,2672,5550,12.2,1.0
1,0.0,33.1,796,57.2,55,15476,4136,5550,13.2,1.4
1,0.0,32.5,756,57.2,54,7459,3073,3792,12.7,1.1
1,0.0,35.7,750,57.2,54,4625,1980,3135,14.3,0.9
1,0.0,30.6,763,57.2,54,7965,3606,4171,13.8,1.2
1,0.0,24.1,766,57.2,55,35484,7213,8124,13.2,1.8
1,0.0,31.8,771,57.2,54,7274,2910,3792,12.4,1.1
1,0.0,20.2,763,57.2,54,41348,4531,8936,13.5,1.3
1,0.0,20.7,792,57.2,55,52537,9440,9829,12.0,2.3
1,0.0,22.7,772,57.2,55,52595,8007,9829,13.0,2.2
1,0.0,27.8,775,57.2,55,18708,4611,6105,13.2,1.5
1,0.0,58.3,774,57.2,55,2591,1400,2356,12.7,0.9
1,0.0,57.0,791,57.2,55,2106,2102,2142,11.1,1.1
1,0.0,29.3,777,57.2,55,15989,4704,5550,13.1,1.4
1,0.0,27.8,795,57.2,56,35801,7519,8124,13.5,2.1
1,0.0,23.8,789,57.2,55,118000,12112,15827,13.5,2.8
1,0.0,35.9,777,57.2,55,5919,3279,3448,11.8,1.2
1,0.0,60.0,794,57.2,55,2054,2051,2142,11.4,1.1
1,0.0,32.2,775,57.2,54,19955,5855,6105,13.4,1.8
1,0.0,23.8,758,57.2,54,27178,5129,7386,13.5,1.5
1,0.0,24.4,800,57.2,55,44565,7674,8936,13.8,2.0
1,0.0,29.8,808,57.2,55,28085,3789,7386,11.6,1.1
1,0.0,27.1,775,57.2,55,37650,5289,8936,13.9,1.5
1,0.0,24.5,781,57.2,55,28597,4355,7386,12.6,1.3
1,0.0,26.8,784,57.2,55,21896,4740,6715,13.0,1.4
1,0.0,22.9,782,57.2,55,40468,5828,8936,12.0,1.6
1,0.0,32.9,768,57.2,56,11780,3024,5046,13.4,1.1
1,0.0,38.0,769,57.2,55,7299,2929,3792,12.9,1.1
1,0.0,28.3,748,57.2,55,9368,2838,4171,13.2,1.0
1,0.0,33.1,772,57.2,55,10709,4207,4588,13.7,1.4
1,0.0,25.1,753,57.2,55,15362,4067,5550,14.2,1.3
1,0.0,24.6,774,57.2,55,47389,5588,9829,13.2,1.6
1,0.0,24.0,770,57.2,55,73785,10304,11892,14.1,2.6
1,0.0,40.5,765,57.2,55,5662,3033,3448,14.2,1.2
1,0.0,45.3,763,57.2,55,3042,1853,2591,13.7,0.9
1,0.0,24.3,756,57.2,54,23701,6408,6715,12.6,1.7
1,0.0,97.3,764,57.2,54,806,797,1610,11.9,0.7
1,0.0,37.8,779,57.2,55,6476,2115,3792,12.0,0.9
1,0.0,25.3,790,57.2,56,43551,6742,8936,14.4,1.9
1,0.0,27.0,803,57.2,55,51035,6716,9829,11.9,1.7
1,0.0,31.4,745,57.2,53,6813,2446,3792,12.9,0.9
1,0.0,142.8,775,57.2,54,245,234,1210,11.2,0.6
1,0.0,39.1,760,57.2,54,7934,3563,4171,12.6,1.2
1,0.0,25.6,797,57.2,56,50774,8952,9829,13.6,2.3
1,0.0,26.3,755,57.2,54,22711,5558,6715,13.4,1.6
1,0.0,22.4,784,57.2,55,104000,7808,14389,12.0,1.8
1,0.0,26.8,779,57.2,56,20529,3386,6105,13.8,1.1
1,0.0,26.6,818,57.2,56,44468,7577,8936,12.6,2.0
1,0.0,46.4,767,57.2,54,2823,1621,2591,12.0,0.9
1,0.0,27.4,787,57.2,55,25183,4654,7386,12.8,1.4
1,0.0,30.7,804,57.2,56,20056,5946,6105,13.1,1.9
1,0.0,30.3,787,57.2,56,21420,4248,6715,13.7,1.3
1,0.0,33.6,770,57.2,55,6333,1935,3792,13.0,0.8
1,0.0,22.7,772,57.2,54,89901,12813,13081,12.7,3.1
1,0.0,25.3,783,57.2,56,27386,6877,7386,13.6,1.8
1,0.0,34.9,772,57.2,56,13003,4239,5046,13.7,1.4
1,0.0,36.6,773,57.2,55,7256,2863,3792,13.5,1.1
1,0.0,22.8,759,57.2,54,43761,8473,8936,12.9,2.1
1,0.0,26.1,775,57.2,54,20163,6028,6105,12.0,1.7
1,0.0,72.1,752,57.2,55,1371,1369,1948,13.1,0.9
1,0.0,30.9,759,57.2,55,7384,3020,3792,14.5,1.1
1,0.0,24.5,768,57.2,54,43440,6577,8936,13.3,1.8
1,0.0,26.6,821,57.2,56,74453,10926,11892,12.5,2.8
1,0.0,28.9,754,57.2,54,28965,4721,7386,13.1,1.4
1,0.0,43.6,789,57.2,55,4978,2333,3135,12.8,1.0
1,0.0,33.6,795,57.2,55,8982,2524,4171,12.7,1.0
1,0.0,28.7,770,57.2,55,8990,2544,4171,13.5,1.0
1,0.0,21.8,791,57.2,55,27367,6852,7386,12.7,1.8
1,0.0,25.4,737,57.2,52,14184,2800,5550,12.7,1.0
1,0.0,61.3,733,57.2,53,1383,1372,1948,13.4,0.8
1,0.0,21.9,788,57.2,55,85234,9209,13081,14.0,2.1
1,0.0,53.5,775,57.2,55,3702,2501,2850,12.8,1.1
1,0.0,22.6,769,57.2,55,21499,4339,6715,12.9,1.2
1,0.0,42.1,752,57.2,54,3073,1876,2591,11.4,0.9
1,0.0,23.6,803,57.2,56,82392,12920,13081,11.6,3.1
1,0.0,32.2,794,57.2,56,17928,3855,6105,13.1,1.2
1,0.0,24.3,770,57.2,55,36889,4291,8936,12.2,1.3
1,0.0,39.3,788,57.2,55,8001,3604,4171,11.5,1.3
1,0.0,28.7,806,57.2,55,19828,4534,6105,10.3,1.4
1,0.0,24.9,805,57.2,55,40076,7639,8936,11.9,2.0
1,0.0,33.2,806,57.2,56,17450,3339,6105,13.9,1.2
1,0.0,42.5,767,57.2,55,3885,2676,2850,12.9,1.1
1,0.0,31.6,737,57.2,53,8669,2223,4171,12.9,1.0
1,0.0,51.4,772,57.2,55,2607,1399,2356,12.4,0.8
1,0.0,41.3,752,57.2,55,3505,2307,2850,12.5,0.9
1,0.0,34.7,790,57.2,55,9246,2786,4171,12.6,1.0
1,0.0,22.1,780,57.2,55,69763,10989,11892,13.2,2.7
1,0.0,26.5,791,57.2,55,41838,4954,8936,12.5,1.5
1,0.0,37.6,803,57.2,55,9111,2614,4171,13.3,1.1
1,0.0,32.1,774,57.2,54,11009,4431,4588,13.6,1.4
1,0.0,37.4,789,57.2,55,7667,3312,3792,12.8,1.2
1,0.0,32.5,783,57.2,55,10942,4476,4588,12.4,1.5
1,0.0,27.1,734,57.2,53,9940,2315,4588,13.1,1.0
1,0.0,25.6,760,57.2,54,21614,3453,6715,13.6,1.1
1,0.0,40.2,758,57.2,55,4500,1863,3135,12.9,0.9
1,0.0,25.6,796,57.2,56,33663,5378,8124,13.0,1.5
1,0.0,32.9,775,57.2,55,7617,3264,3792,13.6,1.2
1,0.0,22.1,779,57.2,55,49480,7669,9829,14.5,1.9
1,0.0,27.6,781,57.2,55,23775,6606,6715,12.5,1.9
1,0.0,39.2,781,57.2,55,6721,2347,3792,13.5,1.0
1,0.0,45.9,774,57.2,55,4312,1680,3135,11.7,0.9
1,0.0,27.0,768,57.2,55,29271,5071,7386,14.4,1.4
1,0.0,26.4,776,57.2,55,14447,3135,5550,13.5,1.1
1,0.0,26.7,769,57.2,55,19641,5572,6105,13.3,1.6
1,0.0,30.6,799,57.2,56,30077,5849,7386,12.8,1.7
1,0.0,34.4,781,57.2,55,11674,2879,5046,11.8,1.0
1,0.0,26.1,765,57.2,55,29366,5176,7386,13.4,1.4
1,0.0,26.6,789,57.2,55,31639,7375,8124,12.3,1.9
1,0.0,32.9,780,57.2,55,11457,2662,4588,12.3,1.0
1,0.0,27.3,759,57.2,55,18945,4773,6105,13.8,1.4
1,0.0,32.7,780,57.2,55,12203,3432,5046,12.4,1.2
1,0.0,38.8,752,57.2,54,5657,3023,3448,14.3,1.1
1,0.0,29.1,782,57.2,55,19294,5198,6105,13.0,1.5
1,0.0,28.5,773,57.2,55,15303,3967,5550,12.7,1.3
1,0.0,22.9,798,57.2,55,68162,10564,11892,11.7,2.5
1,0.0,27.2,789,57.2,55,22576,5387,6715,12.5,1.5
1,0.0,33.5,726,57.2,53,5485,2849,3448,13.1,1.0
1,0.0,35.8,748,57.2,53,8130,3741,4171,13.2,1.3
1,0.0,33.5,766,57.2,54,9736,3272,4588,14.0,1.3
1,0.0,37.7,773,57.2,55,6750,2378,3792,14.1,1.0
1,0.0,28.6,775,57.2,55,19452,5361,6105,11.8,1.6
1,0.0,30.2,775,57.2,55,13958,2597,5550,13.1,1.0
1,0.0,43.7,800,57.2,55,5611,2966,3448,12.2,1.2
1,0.0,23.6,771,57.2,55,26321,5816,7386,13.6,1.6
1,0.0,24.9,783,57.2,55,25390,4717,7386,12.5,1.3
1,0.0,22.1,786,57.2,56,81036,11582,13081,14.1,2.7
1,0.0,25.6,747,57.2,54,20125,6047,6105,12.4,1.6
1,0.0,21.4,765,57.2,54,40421,8037,8936,12.7,2.0
1,0.0,37.6,777,57.2,54,7748,3394,4171,13.6,1.2
1,0.0,26.5,778,57.2,55,15597,4287,5550,13.2,1.4
1,0.0,36.7,722,57.2,51,5993,3361,3448,14.6,1.2
1,0.0,26.6,788,57.2,56,83185,7196,13081,13.5,1.7
1,0.0,59.7,742,57.2,53,1517,1513,1948,13.0,0.9
1,0.0,30.5,773,57.2,55,12996,4100,5046,13.0,1.3
1,0.0,30.4,770,57.2,55,19344,5256,6105,12.8,1.6
1,0.0,63.4,742,57.2,53,1589,1574,1948,12.9,0.9
1,0.0,31.3,777,57.2,55,12682,3932,5046,13.1,1.3
1,0.0,22.1,790,57.2,55,37369,8567,8936,13.5,2.3
1,0.0,27.4,771,57.2,54,14539,3224,5550,12.1,1.1
1,0.0,23.7,799,57.2,56,80425,6875,13081,14.2,1.7
1,0.0,23.2,741,57.2,54,17173,3119,6105,13.8,1.1
1,0.0,45.6,783,57.2,55,3814,2618,2850,10.7,1.1
1,0.0,24.3,790,57.2,56,86581,10598,13081,14.7,2.5
1,0.0,34.1,775,57.2,54,10974,4502,4588,12.6,1.5
1,0.0,89.2,751,57.2,54,714,710,1464,12.5,0.7
1,0.0,81.8,778,57.2,55,904,899,1610,12.2,0.8
1,0.0,36.4,763,57.2,55,6391,2041,3792,15.3,0.9
1,0.0,31.2,781,57.2,56,10839,4366,4588,14.3,1.4
1,0.0,25.8,756,57.2,54,11519,2751,5046,13.5,1.0
1,0.0,36.5,758,57.2,54,6919,2551,3792,13.1,1.0
1,0.0,38.0,795,57.2,56,7189,2820,3792,13.9,1.1
1,0.0,24.6,751,57.2,54,14794,3510,5550,14.6,1.2
1,0.0,27.4,771,57.2,55,39420,7066,8936,13.9,1.9
1,0.0,20.6,738,57.2,54,65122,7630,10811,15.6,1.9
1,0.0,40.5,742,57.2,54,3522,2321,2850,12.9,1.0
1,0.0,34.5,761,57.2,54,7336,2956,3792,13.7,1.1
1,0.0,33.1,793,57.2,56,25204,4686,7386,13.4,1.4
1,0.0,24.2,772,57.2,55,56483,9761,10811,12.8,2.5
1,0.0,31.2,781,57.2,54,11447,4041,4588,10.6,1.3
1,0.0,32.3,757,57.2,54,6984,2592,3792,12.1,0.9
1,0.0,29.9,767,57.2,54,16224,4887,5550,11.1,1.5
1,0.0,20.3,739,57.2,53,30312,5888,7386,14.4,1.5
1,0.0,29.1,756,57.2,55,11997,3214,5046,14.6,1.1
1,0.0,37.0,765,57.2,55,4918,2290,3135,12.2,0.9
1,0.0,26.0,792,57.2,55,34563,6217,8124,12.1,1.6
1,0.0,31.6,768,57.2,55,12872,4058,5046,12.1,1.3
1,0.0,22.7,783,57.2,55,31820,7599,8124,13.1,1.8
1,0.0,26.4,782,57.2,55,21073,3912,6715,12.4,1.2
1,0.0,32.5,799,57.2,55,15528,4196,5550,12.6,1.4
1,0.0,22.6,796,57.2,55,39609,7179,8936,13.7,1.8
1,0.0,29.2,780,57.2,55,13632,4818,5046,11.7,1.5
1,0.0,33.3,805,57.2,56,13444,4670,5046,12.4,1.4
1,0.0,29.2,750,57.2,54,8412,4052,4171,12.7,1.3
1,0.0,39.0,722,57.2,54,2950,1758,2591,14.0,0.9
1,0.0,31.9,749,57.2,53,5069,2435,3135,12.3,1.0
1,0.0,24.2,765,57.2,52,17858,3749,6105,13.5,1.1
1,0.0,25.5,783,57.2,55,32958,4625,8124,12.3,1.4
1,0.0,21.5,768,57.2,55,39136,6330,8936,13.8,1.6
1,0.0,24.2,765,57.2,54,32049,7801,8124,13.0,2.0
1,0.0,24.6,788,57.2,54,18231,5858,6105,12.3,1.7
1,0.0,24.7,768,57.2,55,26972,6438,7386,14.0,1.7
1,0.0,32.3,779,57.2,55,13125,4370,5046,12.3,1.4
1,0.0,22.2,764,57.2,55,54623,7949,10811,12.5,2.1
1,0.0,22.4,776,57.2,55,48720,6978,9829,13.7,1.9
1,0.0,22.0,777,57.2,55,86879,10899,13081,14.0,2.5
1,0.0,28.0,781,57.2,55,19768,5676,6105,13.8,1.7
1,0.0,28.2,759,57.2,52,13024,4247,5046,12.2,1.3
1,0.0,39.3,770,57.2,55,4803,1793,3135,12.4,0.9
1,0.0,25.4,759,57.2,55,13537,3811,5046,12.5,1.2
1,0.0,34.9,766,57.2,54,10158,3695,4588,13.6,1.3
1,0.0,35.8,735,57.2,54,4971,2342,3135,14.3,1.0
1,0.0,22.4,763,57.2,55,32371,7394,8124,14.4,1.8
1,0.0,26.4,762,57.2,54,15098,3779,5550,11.5,1.3
1,0.0,23.0,780,57.2,54,38490,6101,8936,13.0,1.6
1,0.0,22.8,751,57.2,54,33860,5538,8124,13.3,1.5
1,0.0,32.1,794,57.2,55,18548,4444,6105,12.5,1.4
1,0.0,28.0,791,57.2,55,22733,5596,6715,11.4,1.6
1,0.0,26.0,740,57.2,54,12449,3684,5046,14.0,1.2
1,0.0,28.3,789,57.2,55,31280,7053,8124,13.4,1.9
1,0.0,39.4,772,57.2,55,5528,2901,3448,12.7,1.1
1,0.0,27.0,764,57.2,54,10885,3702,4588,12.1,1.2
1,0.0,23.0,794,57.2,55,52301,9027,9829,12.3,2.4
1,0.0,39.6,766,57.2,55,4939,2283,3135,13.2,1.0
1,0.0,46.2,774,57.2,54,3234,2024,2591,10.2,0.9
1,0.0,37.4,792,57.2,55,7223,2851,3792,12.9,1.1
1,0.0,22.4,790,57.2,55,88310,12284,13081,13.5,2.8
1,0.0,28.2,768,57.2,55,16605,5298,5550,14.3,1.6
1,0.0,67.9,777,57.2,55,1209,1208,1771,12.2,0.8
1,0.0,32.9,750,57.2,55,8245,3899,4171,13.1,1.3
1,0.0,28.5,785,57.2,56,24556,4040,6715,12.8,1.3
1,0.0,24.2,788,57.2,55,26556,6015,7386,11.8,1.7
1,0.0,42.9,742,57.2,55,3486,2277,2850,14.8,1.0
1,0.0,47.7,785,57.2,56,3100,1902,2591,12.6,1.0
