1.0057055950164795
0.4341576099395752
0.21453499794006348
0.09929537773132324
0.44819188117980957
0.1082923412322998
0.1072852611541748
0.10625123977661133
0.1353912353515625
0.5564799308776855
0.4060802459716797
0.5644867420196533
0.09927964210510254
0.1874675750732422
0.13636279106140137
0.08024454116821289
0.01203155517578125
0.09425139427185059
0.525397777557373
0.7409710884094238
0.1453864574432373
1.4147329330444336
2.1818430423736572
0.4973113536834717
0.23159170150756836
0.07718920707702637
1.226257562637329
0.7910938262939453
3.799118757247925
0.08425450325012207
1.5761935710906982
0.2767043113708496
0.06417059898376465
0.363999605178833
0.048127174377441406
0.17549657821655273
0.4642348289489746
0.7038726806640625
0.25165247917175293
0.38599586486816406
0.7369914054870605
4.5861780643463135
0.1273479461669922
0.7028448581695557
0.3499617576599121
0.4050772190093994
0.31280088424682617
0.2356569766998291
0.6125998497009277
0.5093591213226318
1.143010139465332
1.553117275238037
0.039103031158447266
0.745011568069458
0.39906954765319824
0.5805079936981201
0.06319832801818848
1.1019008159637451
1.7466473579406738
1.55814528465271
0.03412652015686035
2.6510162353515625
0.4642660617828369
0.47526979446411133
0.6757714748382568
2.4184701442718506
0.28977465629577637
0.6376924514770508
2.2970800399780273
1.4348247051239014
0.24468159675598145
0.10527896881103516
0.495319128036499
0.3529684543609619
0.7680485248565674
0.23760151863098145
0.1022641658782959
0.8593175411224365
0.0381009578704834
1.6524269580841064
0.14037299156188965
0.20354151725769043
3.449176073074341
0.733933687210083
0.01804351806640625
0.01905059814453125
0.09020853042602539
0.4301750659942627
1.0668678283691406
0.3188779354095459
0.4812946319580078
0.40407347679138184
0.1734299659729004
2.7333030700683594
1.1109609603881836
0.5424118041992188
1.8419313430786133
0.496288537979126
0.3299086093902588
0.21657848358154297
0.17446184158325195
0.0972590446472168
0.8943479061126709
1.109952449798584
7.682432651519775
0.664794921875
1.1280076503753662
0.17546463012695312
0.10528063774108887
1.0958902835845947
2.2169346809387207
0.169450044631958
0.2997617721557617
3.0270836353302
0.3077878952026367
0.17546510696411133
0.3599886894226074
2.2800707817077637
0.019039630889892578
3.6266591548919678
2.016359329223633
0.4271361827850342
0.2486574649810791
0.3037986755371094
0.26066136360168457
0.28278112411499023
4.696462392807007
0.397092342376709
1.3896920680999756
3.356894016265869
1.6965446472167969
0.09324288368225098
0.21356201171875
0.118316650390625
0.28572869300842285
0.5535030364990234
1.3214850425720215
2.596940040588379
0.4341604709625244
2.685137987136841
0.24866628646850586
0.3639688491821289
0.03610730171203613
1.4227488040924072
2.5959370136260986
4.764643669128418
0.4120965003967285
1.416799783706665
0.04111528396606445
0.38502979278564453
41.95462131500244
0.2787363529205322
0.06717896461486816
0.30380797386169434
1.5862197875976562
0.25467801094055176
1.7346129417419434
0.9214890003204346
0.07014942169189453
0.398090124130249
0.546422004699707
0.5153713226318359
0.8162024021148682
0.5675101280212402
0.4742617607116699
0.6547420024871826
2.5547714233398438
0.19555163383483887
0.1804485321044922
1.3235466480255127
0.02407073974609375
0.09221339225769043
0.09124279022216797
0.5264320373535156
1.5792007446289062
1.5240497589111328
0.329883337020874
2.4334797859191895
0.16339850425720215
16.214136123657227
1.6032648086547852
2.798475980758667
0.7108912467956543
2.9478373527526855
0.6928434371948242
1.6995213031768799
0.451200008392334
1.1299748420715332
0.1875295639038086
1.0507898330688477
2.6099584102630615
0.27272462844848633
0.999680757522583
1.2743849754333496
0.27771687507629395
4.107950210571289
0.605588436126709
1.9401824474334717
0.25264692306518555
0.08121562004089355
0.12736988067626953
1.1530685424804688
1.8749563694000244
0.40410542488098145
0.07115817070007324
1.182175636291504
0.39304614067077637
0.5053131580352783
0.0782320499420166
1.400733232498169
1.5781662464141846
0.7039036750793457
0.05214238166809082
0.23061108589172363
0.18950319290161133
0.32486462593078613
0.38001012802124023
0.03910970687866211
0.4030466079711914
4.2764081954956055
1.3445825576782227
0.8292005062103271
9.43510627746582
1.444838047027588
5.645021915435791
0.80814528465271
0.5825502872467041
1.818838119506836
10.459837436676025
0.08719587326049805
1.2182719707489014
0.169419527053833
0.6908688545227051
0.9635152816772461
1.7797348499298096
0.4893324375152588
0.15638017654418945
0.3599574565887451
0.17550349235534668
1.6904911994934082
0.32085394859313965
1.6533620357513428
0.016042709350585938
0.2807776927947998
0.9916374683380127
0.09622430801391602
0.11831355094909668
0.8642995357513428
1.4057745933532715
0.35193347930908203
0.5273711681365967
0.22359466552734375
0.2326500415802002
0.3990612030029297
0.020053386688232422
0.2596909999847412
0.15437936782836914
0.18251729011535645
1.8459103107452393
0.3609600067138672
0.6447086334228516
1.93013596534729
2.4745516777038574
0.4612269401550293
0.13438844680786133
1.0086524486541748
1.2302730083465576
2.942856788635254
0.41710972785949707
0.24067378044128418
0.031079530715942383
0.7690460681915283
0.9535372257232666
0.14133787155151367
0.5103890895843506
0.01704692840576172
0.6808056831359863
0.5073497295379639
0.2917807102203369
0.41610026359558105
0.4793076515197754
0.4602231979370117
5.191781044006348
0.18552422523498535
0.6858203411102295
0.1153109073638916
1.315467357635498
2.021378517150879
0.8723185062408447
1.8900611400604248
0.7238929271697998
1.1450769901275635
0.11530113220214844
0.1744391918182373
0.15039968490600586
0.4201488494873047
3.2887182235717773
0.07121562957763672
0.08021140098571777
5.61193060874939
0.26871299743652344
0.275728702545166
0.1764695644378662
0.34589433670043945
1.0848870277404785
0.37402820587158203
1.752659559249878
1.714592456817627
0.05110454559326172
1.5280654430389404
0.6357216835021973
0.07319307327270508
0.1383681297302246
1.083883285522461
0.4802730083465576
0.7620007991790771
3.722931146621704
3.629647731781006
0.08926868438720703
0.9515252113342285
0.6346867084503174
2.796444892883301
1.866962194442749
1.577164649963379
0.16446828842163086
1.8398945331573486
0.3429136276245117
0.08122062683105469
1.4057443141937256
0.054137229919433594
0.4592318534851074
0.39301013946533203
7.050787687301636
0.6266920566558838
0.47724342346191406
10.790729522705078
0.15641522407531738
0.367006778717041
1.2743592262268066
0.8221871852874756
0.14742350578308105
0.9635331630706787
0.4983248710632324
2.1888229846954346
0.4061110019683838
1.0818791389465332
0.7158730030059814
1.7938029766082764
1.0146687030792236
0.5655045509338379
2.811511278152466
0.23763179779052734
0.4441502094268799
2.083578586578369
0.0821831226348877
0.3960542678833008
1.1009576320648193
0.1624617576599121
5.92974591255188
0.1072840690612793
1.149059534072876
0.7841384410858154
0.578568696975708
0.16741442680358887
0.10430741310119629
1.8789992332458496
1.526029109954834
0.052132606506347656
1.0517971515655518
0.27573347091674805
0.13335418701171875
0.3809819221496582
0.051136016845703125
0.08522701263427734
0.026068687438964844
0.6347193717956543
0.07422137260437012
0.2937798500061035
0.46022486686706543
3.424102783203125
0.31785035133361816
0.1945180892944336
0.15441060066223145
0.40106701850891113
0.04211258888244629
1.1760921478271484
0.052170753479003906
20.240894556045532
0.7900769710540771
1.8398938179016113
5.913758039474487
0.11330652236938477
0.03409719467163086
0.5554413795471191
0.384052038192749
1.603264570236206
0.030057191848754883
2.0354127883911133
0.07720494270324707
3.400076389312744
0.16540932655334473
0.6668055057525635
3.7088675498962402
0.07118821144104004
0.13937067985534668
4.526035785675049
0.2295854091644287
0.04916095733642578
0.36296629905700684
0.8432424068450928
1.8127915859222412
0.2115612030029297
0.10430264472961426
0.21457648277282715
2.69720458984375
0.09522438049316406
0.958549976348877
0.4722557067871094
0.23061490058898926
0.1604325771331787
0.3318359851837158
2.0635228157043457
0.40808844566345215
4.283391952514648
2.034411907196045
0.11834597587585449
0.09119701385498047
0.27974390983581543
1.6273601055145264
3.539386034011841
0.07419681549072266
0.8031675815582275
0.7439799308776855
1.2493293285369873
4.520004034042358
1.0437657833099365
0.044123172760009766
0.10929059982299805
0.2576873302459717
0.6978318691253662
0.054143428802490234
0.0451512336730957
0.05614900588989258
0.040106773376464844
0.43214964866638184
0.7399375438690186
0.09124302864074707
0.0902397632598877
0.5835781097412109
0.2717282772064209
0.2065436840057373
0.5263748168945312
0.04712510108947754
3.158433675765991
0.14137530326843262
0.9795756340026855
0.5625274181365967
3.1543920040130615
0.556466817855835
1.029738187789917
0.2456505298614502
0.0150146484375
0.14337944984436035
1.384683609008789
0.9325120449066162
0.536435604095459
0.4461498260498047
1.231276273727417
0.32991600036621094
1.0838446617126465
0.09324836730957031
0.26172637939453125
0.30782318115234375
0.5083506107330322
0.15039730072021484
0.04110407829284668
0.8773350715637207
1.3545656204223633
1.48899245262146
0.1564159393310547
0.47025132179260254
1.2583141326904297
0.30283665657043457
1.2733802795410156
0.5986101627349854
0.4381711483001709
1.8759658336639404
0.04010486602783203
0.5103840827941895
0.8121633529663086
0.9254584312438965
0.17646193504333496
1.827869176864624
1.7907688617706299
1.0247313976287842
0.479276180267334
3.624643087387085
0.9525644779205322
0.06818675994873047
1.4177758693695068
0.026070117950439453
0.09826135635375977
0.03308248519897461
0.8552758693695068
0.06316709518432617
0.09325313568115234
0.31986331939697266
0.5905649662017822
0.08421754837036133
0.3388864994049072
1.1280016899108887
0.2526724338531494
0.20154047012329102
1.6343114376068115
1.0107197761535645
2.5156877040863037
0.2677121162414551
2.1988449096679688
0.13133597373962402
0.3358621597290039
0.04711508750915527
0.6317117214202881
0.02905416488647461
0.7599899768829346
0.06717848777770996
1.3786985874176025
1.3796706199645996
0.3238556385040283
0.9595372676849365
0.5294151306152344
1.414762020111084
1.1971776485443115
1.0658648014068604
0.14441466331481934
3.8562943935394287
2.8535866737365723
1.109947919845581
1.8689663410186768
1.8388924598693848
1.1099367141723633
9.134306192398071
0.047126054763793945
0.33188867568969727
1.7155632972717285
0.3960540294647217
1.1209759712219238
1.4097511768341064
0.14836955070495605
0.31687378883361816
0.07018733024597168
0.2827446460723877
3.319807291030884
0.3289003372192383
2.367271900177002
0.31386518478393555
0.35494518280029297
3.3208329677581787
2.397382974624634
0.3720204830169678
0.3739950656890869
0.07219195365905762
0.13435697555541992
0.25768613815307617
0.06316280364990234
0.04812979698181152
0.5474550724029541
0.1654345989227295
0.198530912399292
0.2356247901916504
0.9605133533477783
0.2356579303741455
0.6125993728637695
0.23966765403747559
0.27272582054138184
0.843247652053833
0.6707789897918701
2.0093448162078857
0.430145263671875
0.982614278793335
0.6868288516998291
3.0972084999084473
3.3759818077087402
0.516404390335083
1.857919692993164
0.16041016578674316
0.12332844734191895
0.1814255714416504
0.4552419185638428
1.1730897426605225
0.42513084411621094
0.9234569072723389
0.41710948944091797
4.201213121414185
1.080838680267334
0.8974182605743408
0.27570271492004395
0.36898136138916016
0.06517338752746582
0.39708828926086426
0.7930779457092285
0.128373384475708
0.31784629821777344
0.5885651111602783
1.3044695854187012
0.09829258918762207
0.04815840721130371
0.24164223670959473
0.6466896533966064
0.7430071830749512
0.563499927520752
0.5324153900146484
0.34990549087524414
3.1644511222839355
0.38298630714416504
0.0832526683807373
0.14137554168701172
1.1119580268859863
0.4852592945098877
2.8967275619506836
0.6066133975982666
0.9645531177520752
4.743619680404663
0.21654033660888672
1.065840482711792
0.32385897636413574
0.7128944396972656
0.5484592914581299
5.74829363822937
0.41309332847595215
4.168088674545288
1.249298334121704
0.4813058376312256
1.012657880783081
0.197556734085083
3.214521646499634
1.8208439350128174
0.9064123630523682
1.3916988372802734
0.6497602462768555
0.43512701988220215
1.327535629272461
0.24364805221557617
1.1620910167694092
4.293421030044556
0.3789815902709961
0.23061347007751465
0.28576016426086426
11.746213674545288
4.006690263748169
0.07921600341796875
0.0691838264465332
2.7663280963897705
0.5775365829467773
2.1978774070739746
3.041090965270996
0.578568696975708
24.84913945198059
0.8151640892028809
4.751641273498535
0.11731171607971191
0.1353287696838379
3.975576639175415
0.8763625621795654
0.1864912509918213
0.6617448329925537
0.2496793270111084
0.5975570678710938
0.18449020385742188
0.1524350643157959
0.01804661750793457
0.38804030418395996
0.18750452995300293
0.2005293369293213
2.784411907196045
2.8275234699249268
0.25066113471984863
0.7189176082611084
0.06917881965637207
0.4962892532348633
0.32586669921875
0.27977561950683594
0.5735254287719727
11.431417465209961
1.5350549221038818
0.12035202980041504
1.2874553203582764
0.33385658264160156
0.4482228755950928
0.09524679183959961
0.13937020301818848
1.5891966819763184
0.38004302978515625
2.1577041149139404
0.9274978637695312
0.4461550712585449
1.341599702835083
0.0691843032836914
0.7269034385681152
0.22061753273010254
1.3606326580047607
2.4725594520568848
0.18649554252624512
0.8843629360198975
1.4347805976867676
2.92578387260437
1.4358203411102295
0.09324264526367188
0.4742929935455322
1.4137299060821533
0.5896003246307373
0.07319426536560059
1.3926746845245361
0.8131897449493408
0.23462414741516113
0.4532144069671631
0.38100337982177734
0.5855274200439453
0.9044375419616699
0.991600751876831
0.1494286060333252
0.9284391403198242
1.5250880718231201
0.9595835208892822
2.2449727058410645
0.6096200942993164
4.502954721450806
0.17750287055969238
0.24863052368164062
0.09227681159973145
1.106945276260376
1.586188793182373
1.2874252796173096
0.5083560943603516
0.37900447845458984
0.25170063972473145
0.957514762878418
0.3058452606201172
0.30280470848083496
1.6162700653076172
0.24465179443359375
0.9966497421264648
0.9284701347351074
0.22057628631591797
0.019051551818847656
0.19652247428894043
0.05012226104736328
0.45420312881469727
0.8673069477081299
0.05912661552429199
4.640377044677734
0.3208467960357666
0.4251365661621094
1.480905532836914
0.023061037063598633
0.2045435905456543
0.8602924346923828
0.7189126014709473
1.395752191543579
0.4060804843902588
0.6286716461181641
0.08425450325012207
1.9211113452911377
0.9555401802062988
2.9458091259002686
0.03311467170715332
0.12032008171081543
0.22058892250061035
0.5454549789428711
0.1553816795349121
0.18649625778198242
8.593863010406494
0.02707195281982422
0.20758295059204102
0.10126948356628418
1.6744225025177002
0.22459769248962402
0.3118603229522705
0.23960614204406738
3.358936309814453
0.06319713592529297
0.06016182899475098
0.07018637657165527
8.559741020202637
0.11634063720703125
2.5667974948883057
0.3218870162963867
0.3399055004119873
2.631002426147461
0.2446146011352539
3.67678165435791
3.139382839202881
3.4782588481903076
0.23362016677856445
0.04913043975830078
0.40106701850891113
0.9344887733459473
0.1283724308013916
0.17644214630126953
1.4087450504302979
1.41776704788208
0.16747593879699707
1.0016660690307617
0.05514836311340332
1.684478998184204
1.9692420959472656
0.10728263854980469
0.03910374641418457
2.419438123703003
0.5604908466339111
0.2636699676513672
0.25170111656188965
0.5293779373168945
13.273342847824097
0.18148255348205566
0.9274978637695312
0.2606930732727051
0.2687194347381592
0.8512647151947021
0.08021283149719238
0.7840826511383057
0.1794729232788086
0.6998364925384521
0.7650356292724609
1.2734184265136719
0.16747546195983887
0.3399040699005127
1.1931796073913574
0.06717610359191895
0.34090447425842285
0.5444464683532715
3.293753147125244
0.7289390563964844
0.3148653507232666
0.8532407283782959
2.98494029045105
5.166782379150391
0.18044447898864746
0.367006778717041
0.40308427810668945
0.178450345993042
0.11834526062011719
0.1694192886352539
1.0528311729431152
0.16443538665771484
1.280393362045288
1.677431583404541
1.9050989151000977
0.520380973815918
0.05711865425109863
0.040106773376464844
0.3990938663482666
1.0507593154907227
4.9512035846710205
0.13933396339416504
0.03910398483276367
0.5294079780578613
0.8261995315551758
1.3315422534942627
0.7710490226745605
1.1450777053833008
0.8101496696472168
0.528411865234375
1.2894322872161865
0.28275036811828613
0.1594250202178955
0.21657443046569824
0.25566816329956055
0.41510534286499023
1.6162710189819336
2.4555647373199463
0.12630367279052734
0.05918741226196289
0.5885658264160156
0.01904892921447754
0.1313488483428955
1.4016923904418945
1.5491514205932617
0.14334964752197266
0.009023904800415039
0.18151187896728516
1.5992560386657715
0.6196169853210449
3.6958632469177246
0.5474522113800049
1.295419692993164
0.06316757202148438
0.7249288558959961
0.5585165023803711
0.5795412063598633
0.13636374473571777
3.532397985458374
0.8462204933166504
0.3358931541442871
0.1935136318206787
1.3165340423583984
0.5323848724365234
0.029107332229614258
0.15440845489501953
1.2433130741119385
2.317171573638916
0.7910668849945068
0.09625601768493652
0.18552732467651367
0.20253610610961914
0.6988589763641357
0.32283997535705566
0.025069713592529297
2.9668936729431152
0.07319474220275879
0.5755245685577393
0.05414462089538574
2.761345386505127
0.4100925922393799
1.1710832118988037
0.17549920082092285
0.47025251388549805
1.0517950057983398
0.4622032642364502
0.08121609687805176
0.19852781295776367
0.05314183235168457
0.06420087814331055
0.1904761791229248
2.398380994796753
1.3014934062957764
0.2336273193359375
0.2667090892791748
0.17444682121276855
0.2777256965637207
0.24067091941833496
0.5745224952697754
0.09325504302978516
0.9735925197601318
0.16440057754516602
1.627366065979004
0.5734889507293701
0.14139413833618164
0.09424471855163574
0.7810840606689453
0.38401174545288086
0.4862978458404541
0.8281724452972412
0.23763227462768555
0.8402349948883057
0.8803410530090332
0.2567141056060791
0.501333475112915
0.29881715774536133
0.13132977485656738
0.4531705379486084
0.4351925849914551
2.2910587787628174
0.5384640693664551
0.10427689552307129
0.1945171356201172
0.2195899486541748
0.1343522071838379
0.5463299751281738
0.3499009609222412
0.12035083770751953
0.7349233627319336
0.6437435150146484
3.0721681118011475
0.5353984832763672
1.1650996208190918
0.16547155380249023
0.3739943504333496
0.13135242462158203
3.008002758026123
0.029078960418701172
0.32990312576293945
0.5474307537078857
0.03512167930603027
0.3198533058166504
1.214228868484497
0.36296677589416504
2.950819253921509
0.47228217124938965
0.0781869888305664
3.266659736633301
0.2256317138671875
0.014008283615112305
0.020053386688232422
0.13736581802368164
0.24063420295715332
0.2536759376525879
0.15240979194641113
0.1694197654724121
0.3579831123352051
1.0798730850219727
2.1396613121032715
0.0691835880279541
0.17446446418762207
0.737994909286499
1.694509744644165
0.24665355682373047
0.13636279106140137
0.3559131622314453
0.8211841583251953
0.3088524341583252
0.09424996376037598
0.9786014556884766
0.31280016899108887
0.7770669460296631
0.5765337944030762
0.4020695686340332
1.1771628856658936
0.32787203788757324
0.3007667064666748
0.18648695945739746
0.05717658996582031
0.11029958724975586
0.395050048828125
0.950502872467041
1.1139943599700928
0.9275035858154297
0.4150681495666504
0.7369940280914307
0.2907736301422119
1.882978916168213
1.530102014541626
3.115812301635742
0.5288701057434082
0.2742595672607422
0.11125946044921875
0.3709867000579834
0.23415327072143555
0.12479686737060547
0.9791390895843506
0.41158485412597656
1.1034448146820068
1.0181777477264404
0.48779726028442383
0.5966188907623291
0.31082916259765625
0.9460132122039795
0.13335084915161133
0.2566514015197754
1.8209919929504395
0.11941409111022949
0.05822038650512695
0.15948843955993652
3.1927764415740967
0.42450475692749023
0.026070117950439453
0.18907690048217773
0.6924960613250732
0.7567729949951172
0.08128499984741211
0.07119250297546387
