[(1.5000000000000002, 6, 18604.5),
 (1.6000000000000003, 4, 26073.25),
 (1.7000000000000004, 12, 27351.666666666668),
 (1.8000000000000005, 32, 28055.21875),
 (1.9000000000000006, 55, 18346.672727272726),
 (2.0000000000000004, 163, 30738.447852760735),
 (2.2000000000000006, 198, 34149.69696969697),
 (2.3000000000000007, 31, 30473.58064516129),
 (2.400000000000001, 158, 34371.22784810127),
 (2.500000000000001, 142, 23606.676056338027),
 (2.600000000000001, 52, 45220.557692307695),
 (2.700000000000001, 70, 30137.72857142857),
 (2.800000000000001, 34, 29528.617647058825),
 (2.9000000000000012, 49, 30671.30612244898),
 (3.0000000000000013, 38, 37305.21052631579),
 (3.2000000000000015, 4, 56431.0)]