[(1.5000000000000002, 6, 0.5434436798095703),
 (1.6000000000000003, 4, 0.778837263584137),
 (1.7000000000000004, 12, 0.8473825653394064),
 (1.8000000000000005, 32, 0.9813608378171921),
 (1.9000000000000006, 55, 0.5497626044533469),
 (2.0000000000000004, 163, 1.1021611705148147),
 (2.2000000000000006, 198, 1.1623957385920516),
 (2.3000000000000007, 31, 1.6076708147602696),
 (2.400000000000001, 158, 1.1215264963198313),
 (2.500000000000001, 142, 0.6860499230908675),
 (2.600000000000001, 52, 1.471915786082928),
 (2.700000000000001, 70, 0.9438240800585066),
 (2.800000000000001, 34, 0.8856875265345854),
 (2.9000000000000012, 49, 0.9437667496350347),
 (3.0000000000000013, 38, 1.3256232675753141),
 (3.2000000000000015, 4, 2.1143833994865417)]